1588192
1588193
1588194
1588195
1588196
1588197
1588198
1588199
1588200
1588201
1588202
1588203
1588204
1588205
1588206
1588207
1588208
1588209
1588210
1588211
1588212
1588213
1588214
1588215
1588216
1588217
1588218
1588219
1588220
1588221
1588222
1588223
1588224
1588225
1588226
1588227
1588228
1588229
1588230
1588231
1588232
1588233
1588234
1588235
1588236
1588237
1588238
1588239
1588240
1588241
1588242
1588243
1588244
1588245
1588246
1588247
1588248
1588249
1588250
1588251
1588252
1588253
1588254
1588255
1588256
1588257
1588258
1588259
1588260
1588261
1588262
1588263
1588264
1588265
1588266
1588267
1588268
1588269
1588270
1588271
1588272
1588273
1588274
1588275
1588276
1588277
1588278
1588279
1588280
1588281
1588282
1588283
1588284
1588285
1588286
1588287
1588288
1588289
1588290
1588291
1588292
1588293
1588294
1588295
1588296
1588297
1588298
1588299
1588300
1588301
1588302
1588303
1588304
1588305
1588306
1588307
1588308
1588309
1588310
1588311
1588312
1588313
1588314
1588315
1588316
1588317
1588318
1588319
1588320
1588321
1588322
1588323
1588324
1588325
1588326
1588327
1588328
1588329
1588330
1588331
1588332
1588333
1588334
1588335
1588336
1588337
1588338
1588339
1588340
1588341
1588342
1588343
1588344
1588345
1588346
1588347
