1586560
1586561
1586562
1586563
1586564
1586565
1586566
1586567
1586568
1586569
1586570
1586571
1586572
1586573
1586574
1586575
1586576
1586577
1586578
1586579
1586580
1586581
1586582
1586583
1586584
1586585
1586586
1586587
1586588
1586589
1586590
1586591
1586592
1586593
1586594
1586595
1586596
1586597
1586598
1586599
1586600
1586601
1586602
1586603
1586604
1586605
1586606
1586607
1586608
1586609
1586610
1586611
1586612
1586613
1586614
1586615
1586616
1586617
1586618
1586619
1586620
1586621
1586622
1586623
1586624
1586625
1586626
1586627
1586628
1586629
1586630
1586631
1586632
1586633
1586634
1586635
1586636
1586637
1586638
1586639
1586640
1586641
1586642
1586643
1586644
1586645
1586646
1586647
1586648
1586649
1586650
1586651
1586652
1586653
1586654
1586655
1586656
1586657
1586658
1586659
1586660
1586661
1586662
1586663
1586664
1586665
1586666
1586667
1586668
1586669
1586670
1586671
1586672
1586673
1586674
1586675
1586676
1586677
1586678
1586679
1586680
1586681
1586682
1586683
1586684
1586685
1586686
1586687
1586688
1586689
1586690
1586691
1586692
1586693
1586694
1586695
1586696
1586697
1586698
1586699
1586700
1586701
1586702
1586703
1586704
1586705
1586706
1586707
1586708
1586709
1586710
1586711
1586712
1586713
1586714
1586715
1586716
1586717
1586718
1586719
1586720
1586721
1586722
1586723
1586724
1586725
1586726
1586727
1586728
1586729
1586730
1586731
1586732
1586733
1586734
1586735
1586736
1586737
1586738
1586739
1586740
1586741
1586742
1586743
1586744
1586745
1586746
1586747
1586748
1586749
1586750
1586751
1586752
1586753
1586754
1586755
1586756
1586757
1586758
1586759
1586760
1586761
1586762
1586763
1586764
1586765
1586766
1586767
1586768
1586769
1586770
1586771
1586772
1586773
1586774
1586775
1586776
1586777
1586778
1586779
1586780
1586781
1586782
1586783
1586784
1586785
1586786
1586787
1586788
1586789
1586790
1586791
1586792
1586793
1586794
1586795
1586796
1586797
1586798
1586799
1586800
1586801
1586802
1586803
1586804
1586805
1586806
1586807
1586808
1586809
1586810
1586811
1586812
1586813
1586814
1586815
1586816
1586817
1586818
1586819
1586820
1586821
1586822
1586823
1586824
1586825
1586826
1586827
1586828
1586829
1586830
1586831
1586832
1586833
1586834
1586835
1586836
1586837
1586838
1586839
1586840
1586841
1586842
1586843
1586844
1586845
1586846
1586847
1586848
1586849
1586850
1586851
1586852
1586853
1586854
1586855
1586856
1586857
1586858
1586859
1586860
1586861
1586862
1586863
1586864
1586865
1586866
1586867
1586868
1586869
1586870
1586871
1586872
1586873
1586874
1586875
1586876
1586877
1586878
1586879
1586880
1586881
1586882
1586883
1586884
1586885
1586886
1586887
1586888
1586889
1586890
1586891
1586892
1586893
1586894
1586895
1586896
1586897
1586898
1586899
1586900
1586901
1586902
1586903
1586904
1586905
1586906
1586907
1586908
1586909
1586910
1586911
1586912
1586913
1586914
1586915
1586916
1586917
1586918
1586919
1586920
1586921
1586922
1586923
1586924
1586925
1586926
1586927
1586928
1586929
1586930
1586931
1586932
1586933
1586934
1586935
1586936
1586937
1586938
1586939
1586940
1586941
1586942
1586943
1586944
1586945
1586946
1586947
1586948
1586949
1586950
1586951
1586952
1586953
1586954
1586955
1586956
1586957
1586958
1586959
1586960
1586961
1586962
1586963
1586964
1586965
1586966
1586967
1586968
1586969
1586970
1586971
1586972
1586973
1586974
1586975
1586976
1586977
1586978
1586979
1586980
1586981
1586982
1586983
1586984
1586985
1586986
1586987
1586988
1586989
1586990
1586991
1586992
1586993
1586994
1586995
1586996
1586997
1586998
1586999
1587000
1587001
1587002
1587003
1587004
1587005
1587006
1587007
1587008
1587009
1587010
1587011
1587012
1587013
1587014
1587015
1587016
1587017
1587018
1587019
1587020
1587021
1587022
1587023
1587024
1587025
1587026
1587027
1587028
1587029
1587030
1587031
1587032
1587033
1587034
1587035
1587036
1587037
1587038
1587039
1587040
1587041
1587042
1587043
1587044
1587045
1587046
1587047
1587048
1587049
1587050
1587051
1587052
1587053
1587054
1587055
1587056
1587057
1587058
1587059
1587060
1587061
1587062
1587063
1587064
1587065
1587066
1587067
1587068
1587069
1587070
1587071
1587072
1587073
1587074
1587075
1587076
1587077
1587078
1587079
1587080
1587081
1587082
1587083
1587084
1587085
1587086
1587087
1587088
1587089
1587090
1587091
1587092
1587093
1587094
1587095
1587096
1587097
1587098
1587099
1587100
1587101
1587102
1587103
1587104
1587105
1587106
1587107
1587108
1587109
1587110
1587111
1587112
1587113
1587114
1587115
1587116
1587117
1587118
1587119
1587120
1587121
1587122
1587123
1587124
1587125
1587126
1587127
1587128
1587129
1587130
1587131
1587132
1587133
1587134
1587135
1587136
1587137
1587138
1587139
1587140
1587141
1587142
1587143
1587144
1587145
1587146
1587147
1587148
1587149
1587150
1587151
1587152
1587153
1587154
1587155
1587156
1587157
1587158
1587159
1587160
1587161
1587162
1587163
1587164
1587165
1587166
1587167
1587168
1587169
1587170
1587171
1587172
1587173
1587174
1587175
1587176
1587177
1587178
1587179
1587180
1587181
1587182
1587183
1587184
1587185
1587186
1587187
1587188
1587189
1587190
1587191
1587192
1587193
1587194
1587195
1587196
1587197
1587198
1587199
1587200
1587201
1587202
1587203
1587204
1587205
1587206
1587207
1587208
1587209
1587210
1587211
1587212
1587213
1587214
1587215
1587216
1587217
1587218
1587219
1587220
1587221
1587222
1587223
1587224
1587225
1587226
1587227
1587228
1587229
1587230
1587231
1587232
1587233
1587234
1587235
1587236
1587237
1587238
1587239
1587240
1587241
1587242
1587243
1587244
1587245
1587246
1587247
1587248
1587249
1587250
1587251
1587252
1587253
1587254
1587255
1587256
1587257
1587258
1587259
1587260
1587261
1587262
1587263
1587264
1587265
1587266
1587267
1587268
1587269
1587270
1587271
1587272
1587273
1587274
1587275
1587276
1587277
1587278
1587279
1587280
1587281
1587282
1587283
1587284
1587285
1587286
1587287
1587288
1587289
1587290
1587291
1587292
1587293
1587294
1587295
1587296
1587297
1587298
1587299
1587300
1587301
1587302
1587303
1587304
1587305
1587306
1587307
1587308
1587309
1587310
1587311
1587312
1587313
1587314
1587315
1587316
1587317
1587318
1587319
1587320
1587321
1587322
1587323
1587324
1587325
1587326
1587327
1587328
1587329
1587330
1587331
1587332
1587333
1587334
1587335
1587336
1587337
1587338
1587339
1587340
1587341
1587342
1587343
1587344
1587345
1587346
1587347
1587348
1587349
1587350
1587351
1587352
1587353
1587354
1587355
1587356
1587357
1587358
1587359
1587360
1587361
1587362
1587363
1587364
1587365
1587366
1587367
1587368
1587369
1587370
1587371
1587372
1587373
1587374
1587375
1587376
1587377
1587378
1587379
1587380
1587381
1587382
1587383
1587384
1587385
1587386
1587387
1587388
1587389
1587390
1587391
1587392
1587393
1587394
1587395
1587396
1587397
1587398
1587399
1587400
1587401
1587402
1587403
1587404
1587405
1587406
1587407
1587408
1587409
1587410
1587411
1587412
1587413
1587414
1587415
1587416
1587417
1587418
1587419
1587420
1587421
1587422
1587423
1587424
1587425
1587426
1587427
1587428
1587429
1587430
1587431
1587432
1587433
1587434
1587435
1587436
1587437
1587438
1587439
1587440
1587441
1587442
1587443
1587444
1587445
1587446
1587447
1587448
1587449
1587450
1587451
1587452
1587453
1587454
1587455
1587456
1587457
1587458
1587459
1587460
1587461
1587462
1587463
1587464
1587465
1587466
1587467
1587468
1587469
1587470
1587471
1587472
1587473
1587474
1587475
1587476
1587477
1587478
1587479
1587480
1587481
1587482
1587483
1587484
1587485
1587486
1587487
1587488
1587489
1587490
1587491
1587492
1587493
1587494
1587495
1587496
1587497
1587498
1587499
1587500
1587501
1587502
1587503
1587504
1587505
1587506
1587507
1587508
1587509
1587510
1587511
1587512
1587513
1587514
1587515
1587516
1587517
1587518
1587519
1587520
1587521
1587522
1587523
1587524
1587525
1587526
1587527
1587528
1587529
1587530
1587531
1587532
1587533
1587534
1587535
1587536
1587537
1587538
1587539
1587540
1587541
1587542
1587543
1587544
1587545
1587546
1587547
1587548
1587549
1587550
1587551
1587552
1587553
1587554
1587555
1587556
1587557
1587558
1587559
1587560
1587561
1587562
1587563
1587564
1587565
1587566
1587567
1587568
1587569
1587570
1587571
1587572
1587573
1587574
1587575
1587576
1587577
1587578
1587579
1587580
1587581
1587582
1587583
1587584
1587585
1587586
1587587
1587588
1587589
1587590
1587591
1587592
1587593
1587594
1587595
1587596
1587597
1587598
1587599
1587600
1587601
1587602
1587603
1587604
1587605
1587606
1587607
1587608
1587609
1587610
1587611
1587612
1587613
1587614
1587615
1587616
1587617
1587618
1587619
1587620
1587621
1587622
1587623
1587624
1587625
1587626
1587627
1587628
1587629
1587630
1587631
1587632
1587633
1587634
1587635
1587636
1587637
1587638
1587639
1587640
1587641
1587642
1587643
1587644
1587645
1587646
1587647
1587648
1587649
1587650
1587651
1587652
1587653
1587654
1587655
1587656
1587657
1587658
1587659
1587660
1587661
1587662
1587663
1587664
1587665
1587666
1587667
1587668
1587669
1587670
1587671
1587672
1587673
1587674
1587675
1587676
1587677
1587678
1587679
1587680
1587681
1587682
1587683
1587684
1587685
1587686
1587687
1587688
1587689
1587690
1587691
1587692
1587693
1587694
1587695
1587696
1587697
1587698
1587699
1587700
1587701
1587702
1587703
1587704
1587705
1587706
1587707
1587708
1587709
1587710
1587711
1587712
1587713
1587714
1587715
1587716
1587717
1587718
1587719
1587720
1587721
1587722
1587723
1587724
1587725
1587726
1587727
1587728
1587729
1587730
1587731
1587732
1587733
1587734
1587735
1587736
1587737
1587738
1587739
1587740
1587741
1587742
1587743
1587744
1587745
1587746
1587747
1587748
1587749
1587750
1587751
1587752
1587753
1587754
1587755
1587756
1587757
1587758
1587759
1587760
1587761
1587762
1587763
1587764
1587765
1587766
1587767
1587768
1587769
1587770
1587771
1587772
1587773
1587774
1587775
1587776
1587777
1587778
1587779
1587780
1587781
1587782
1587783
1587784
1587785
1587786
1587787
1587788
1587789
1587790
1587791
1587792
1587793
1587794
1587795
1587796
1587797
1587798
1587799
1587800
1587801
1587802
1587803
1587804
1587805
1587806
1587807
1587808
1587809
1587810
1587811
1587812
1587813
1587814
1587815
1587816
1587817
1587818
1587819
1587820
1587821
1587822
1587823
1587824
1587825
1587826
1587827
1587828
1587829
1587830
1587831
1587832
1587833
1587834
1587835
1587836
1587837
1587838
1587839
1587840
1587841
1587842
1587843
1587844
1587845
1587846
1587847
1587848
1587849
1587850
1587851
1587852
1587853
1587854
1587855
1587856
1587857
1587858
1587859
1587860
1587861
1587862
1587863
1587864
1587865
1587866
1587867
1587868
1587869
1587870
1587871
1587872
1587873
1587874
1587875
1587876
1587877
1587878
1587879
1587880
1587881
1587882
1587883
1587884
1587885
1587886
1587887
1587888
1587889
1587890
1587891
1587892
1587893
1587894
1587895
1587896
1587897
1587898
1587899
1587900
1587901
1587902
1587903
1587904
1587905
1587906
1587907
1587908
1587909
1587910
1587911
1587912
1587913
1587914
1587915
1587916
1587917
1587918
1587919
1587920
1587921
1587922
1587923
1587924
1587925
1587926
1587927
1587928
1587929
1587930
1587931
1587932
1587933
1587934
1587935
1587936
1587937
1587938
1587939
1587940
1587941
1587942
1587943
1587944
1587945
1587946
1587947
1587948
1587949
1587950
1587951
1587952
1587953
1587954
1587955
1587956
1587957
1587958
1587959
1587960
1587961
1587962
1587963
1587964
1587965
1587966
1587967
1587968
1587969
1587970
1587971
1587972
1587973
1587974
1587975
1587976
1587977
1587978
1587979
1587980
1587981
1587982
1587983
1587984
1587985
1587986
1587987
1587988
1587989
1587990
1587991
1587992
1587993
1587994
1587995
1587996
1587997
1587998
1587999
1588000
1588001
1588002
1588003
1588004
1588005
1588006
1588007
1588008
1588009
1588010
1588011
1588012
1588013
1588014
1588015
1588016
1588017
1588018
1588019
1588020
1588021
1588022
1588023
1588024
1588025
1588026
1588027
1588028
1588029
1588030
1588031
1588032
1588033
1588034
1588035
1588036
1588037
1588038
1588039
1588040
1588041
1588042
1588043
1588044
1588045
1588046
1588047
1588048
1588049
1588050
1588051
1588052
1588053
1588054
1588055
1588056
1588057
1588058
1588059
1588060
1588061
1588062
1588063
1588064
1588065
1588066
1588067
1588068
1588069
1588070
1588071
1588072
1588073
1588074
1588075
1588076
1588077
1588078
1588079
1588080
1588081
1588082
1588083
1588084
1588085
1588086
1588087
1588088
1588089
1588090
1588091
1588092
1588093
1588094
1588095
1588096
1588097
1588098
1588099
1588100
1588101
1588102
1588103
1588104
1588105
1588106
1588107
1588108
1588109
1588110
1588111
1588112
1588113
1588114
1588115
1588116
1588117
1588118
1588119
1588120
1588121
1588122
1588123
1588124
1588125
1588126
1588127
1588128
1588129
1588130
1588131
1588132
1588133
1588134
1588135
1588136
1588137
1588138
1588139
1588140
1588141
1588142
1588143
1588144
1588145
1588146
1588147
1588148
1588149
1588150
1588151
1588152
1588153
1588154
1588155
1588156
1588157
1588158
1588159
1588160
1588161
1588162
1588163
1588164
1588165
1588166
1588167
1588168
1588169
1588170
1588171
1588172
1588173
1588174
1588175
1588176
1588177
1588178
1588179
1588180
1588181
1588182
1588183
1588184
1588185
1588186
1588187
1588188
1588189
1588190
1588191
