1586386
1586387
1586388
1586389
1586390
1586391
1586392
1586393
1586394
1586395
1586396
1586397
1586398
1586399
1586400
1586401
1586402
1586403
1586404
1586405
1586406
1586407
1586408
1586409
1586410
1586411
1586412
1586413
1586414
1586415
1586416
1586417
1586418
1586419
1586420
1586421
1586422
1586423
1586424
1586425
1586426
1586427
1586428
1586429
1586430
1586431
1586432
1586433
1586434
1586435
1586436
1586437
1586438
1586439
1586440
1586441
1586442
1586443
1586444
1586445
1586446
1586447
1586448
1586449
1586450
1586451
1586452
1586453
1586454
1586455
1586456
1586457
1586458
1586459
1586460
1586461
1586462
1586463
1586464
1586465
1586466
1586467
1586468
1586469
1586470
1586471
1586472
1586473
1586474
1586475
1586476
1586477
1586478
1586479
1586480
1586481
1586482
1586483
1586484
1586485
1586486
1586487
1586488
1586489
1586490
1586491
1586492
1586493
1586494
1586495
1586496
1586497
1586498
1586499
1586500
1586501
1586502
1586503
1586504
1586505
1586506
1586507
1586508
1586509
1586510
1586511
1586512
1586513
1586514
1586515
1586516
1586517
1586518
1586519
1586520
1586521
1586522
1586523
1586524
1586525
1586526
1586527
1586528
1586529
1586530
1586531
1586532
1586533
1586534
1586535
1586536
1586537
1586538
1586539
1586540
1586541
1586542
1586543
1586544
1586545
1586546
1586547
1586548
1586549
1586550
1586551
1586552
1586553
1586554
1586555
1586556
1586557
1586558
1586559
