4826654
4826655
4826656
4826657
4826658
4826659
4826660
4826661
4826662
4826663
4826664
4826665
4826666
4826667
4826668
4826669
4826670
4826671
4826672
4826673
4826674
4826675
4826676
4826677
4826678
4826679
4826680
4826681
4826682
4826683
4826684
4826685
4826686
4826687
4826688
4826689
4826690
4826691
4826692
4826693
4826694
4826695
4826696
4826697
4826698
4826699
4826700
4826701
4826702
4826703
4826704
4826705
4826706
4826707
4826708
4826709
4826710
4826711
4826712
4826713
4826714
4826715
4826716
4826717
4826718
4826719
4826720
4826721
4826722
4826723
4826724
4826725
4826726
4826727
4826728
4826729
4826730
4826731
4826732
4826733
4826734
4826735
4826736
4826737
4826738
4826739
4826740
4826741
4826742
4826743
4826744
4826745
4826746
4826747
4826748
4826749
4826750
4826751
4826752
4826753
4826754
4826755
4826756
4826757
4826758
4826759
4826760
4826761
4826762
