4826072
4826073
4826074
4826075
4826076
4826077
4826078
4826079
4826080
4826081
4826082
4826083
4826084
4826085
4826086
4826087
4826088
4826089
4826090
4826091
4826092
4826093
4826094
4826095
4826096
4826097
4826098
4826099
4826100
4826101
4826102
4826103
4826104
4826105
4826106
4826107
4826108
4826109
4826110
4826111
4826112
4826113
4826114
4826115
4826116
4826117
4826118
4826119
4826120
4826121
4826122
4826123
4826124
4826125
4826126
4826127
4826128
4826129
4826130
4826131
4826132
4826133
4826134
4826135
4826136
4826137
4826138
4826139
4826140
4826141
4826142
4826143
4826144
4826145
4826146
4826147
4826148
4826149
4826150
4826151
4826152
4826153
4826154
4826155
4826156
4826157
4826158
4826159
4826160
4826161
4826162
4826163
4826164
4826165
4826166
4826167
4826168
4826169
4826170
4826171
4826172
4826173
4826174
4826175
4826176
4826177
4826178
4826179
4826180
4826181
4826182
4826183
4826184
4826185
4826186
4826187
4826188
4826189
4826190
4826191
4826192
4826193
4826194
4826195
4826196
4826197
4826198
4826199
4826200
4826201
4826202
4826203
4826204
4826205
4826206
4826207
4826208
4826209
4826210
4826211
4826212
4826213
4826214
4826215
4826216
4826217
4826218
4826219
4826220
4826221
4826222
4826223
4826224
4826225
4826226
4826227
4826228
4826229
4826230
4826231
4826232
4826233
4826234
4826235
4826236
4826237
4826238
4826239
4826240
4826241
4826242
4826243
4826244
4826245
4826246
4826247
4826248
4826249
4826250
4826251
4826252
4826253
4826254
4826255
4826256
4826257
4826258
4826259
4826260
4826261
4826262
4826263
4826264
4826265
4826266
4826267
4826268
4826269
4826270
4826271
4826272
4826273
4826274
4826275
4826276
4826277
4826278
4826279
4826280
4826281
4826282
4826283
4826284
4826285
4826286
4826287
4826288
4826289
4826290
4826291
4826292
4826293
4826294
4826295
4826296
4826297
4826298
4826299
4826300
4826301
4826302
4826303
4826304
4826305
4826306
4826307
4826308
4826309
4826310
4826311
4826312
4826313
4826314
4826315
4826316
4826317
4826318
4826319
4826320
4826321
4826322
4826323
4826324
4826325
4826326
4826327
4826328
4826329
4826330
4826331
4826332
4826333
4826334
4826335
4826336
4826337
4826338
4826339
4826340
4826341
4826342
4826343
4826344
4826345
4826346
4826347
4826348
4826349
4826350
4826351
4826352
4826353
4826354
4826355
4826356
4826357
4826358
4826359
4826360
4826361
4826362
4826363
4826364
4826365
4826366
4826367
4826368
4826369
4826370
4826371
4826372
4826373
4826374
4826375
4826376
4826377
4826378
4826379
4826380
4826381
4826382
4826383
4826384
4826385
4826386
4826387
4826388
4826389
4826390
4826391
4826392
4826393
4826394
4826395
4826396
4826397
4826398
4826399
4826400
4826401
4826402
4826403
4826404
4826405
4826406
4826407
4826408
4826409
4826410
4826411
4826412
4826413
4826414
4826415
4826416
4826417
4826418
4826419
4826420
4826421
4826422
4826423
4826424
4826425
4826426
4826427
4826428
4826429
4826430
4826431
4826432
4826433
4826434
4826435
4826436
4826437
4826438
4826439
4826440
4826441
4826442
4826443
4826444
4826445
4826446
4826447
4826448
4826449
4826450
4826451
4826452
4826453
4826454
4826455
4826456
4826457
4826458
4826459
4826460
4826461
4826462
4826463
4826464
4826465
4826466
4826467
4826468
4826469
4826470
4826471
4826472
4826473
4826474
4826475
4826476
4826477
4826478
4826479
4826480
4826481
4826482
4826483
4826484
4826485
4826486
4826487
4826488
4826489
4826490
4826491
4826492
4826493
4826494
4826495
4826496
4826497
4826498
4826499
4826500
4826501
4826502
4826503
4826504
4826505
4826506
4826507
4826508
4826509
4826510
4826511
4826512
4826513
4826514
4826515
4826516
4826517
4826518
4826519
4826520
4826521
4826522
4826523
4826524
4826525
4826526
4826527
4826528
4826529
4826530
4826531
4826532
4826533
4826534
4826535
4826536
4826537
4826538
4826539
4826540
4826541
4826542
4826543
4826544
4826545
4826546
4826547
4826548
4826549
4826550
4826551
4826552
4826553
4826554
4826555
4826556
4826557
4826558
4826559
4826560
4826561
4826562
4826563
4826564
4826565
4826566
4826567
4826568
4826569
4826570
4826571
4826572
4826573
4826574
4826575
4826576
4826577
4826578
4826579
4826580
4826581
4826582
4826583
4826584
4826585
4826586
4826587
4826588
4826589
4826590
4826591
4826592
4826593
4826594
4826595
4826596
4826597
4826598
4826599
4826600
4826601
4826602
4826603
4826604
4826605
4826606
4826607
4826608
4826609
4826610
4826611
4826612
4826613
4826614
4826615
4826616
4826617
4826618
4826619
4826620
4826621
4826622
4826623
4826624
4826625
4826626
4826627
4826628
4826629
4826630
4826631
4826632
4826633
4826634
4826635
4826636
4826637
4826638
4826639
4826640
4826641
4826642
4826643
4826644
4826645
4826646
4826647
4826648
4826649
4826650
4826651
4826652
4826653
