4457945
4457946
4457947
4457948
4457949
4457950
4457951
4457952
4457953
4457954
4457955
4457956
4457957
4457958
4457959
4457960
4457961
4457962
4457963
4457964
4457965
4457966
4457967
4457968
4457969
4457970
4457971
4457972
4457973
4457974
4457975
4457976
4457977
4457978
4457979
4457980
4457981
4457982
4457983
4457984
4457985
4457986
4457987
4457988
4457989
4457990
4457991
4457992
4457993
4457994
4457995
4457996
4457997
4457998
4457999
4458000
4458001
4458002
4458003
4458004
4458005
4458006
4458007
4458008
4458009
4458010
4458011
4458012
4458013
4458014
4458015
4458016
4458017
4458018
4458019
4458020
4458021
4458022
4458023
4458024
4458025
4458026
4458027
4458028
4458029
4458030
4458031
4458032
4458033
4458034
4458035
4458036
4458037
4458038
4458039
4458040
4458041
4458042
4458043
4458044
4458045
4458046
4458047
4458048
4458049
4458050
4458051
4458052
4458053
4458054
4458055
4458056
4458057
4458058
4458059
4458060
4458061
4458062
4458063
4458064
4458065
4458066
4458067
4458068
4458069
4458070
4458071
4458072
4458073
4458074
4458075
4458076
4458077
4458078
4458079
4458080
4458081
4458082
4458083
4458084
4458085
4458086
4458087
4458088
4458089
4458090
4458091
4458092
4458093
4458094
4458095
4458096
4458097
4458098
4458099
4458100
4458101
4458102
4458103
4458104
4458105
4458106
4458107
4458108
4458109
4458110
4458111
4458112
4458113
4458114
4458115
4458116
4458117
4458118
4458119
4458120
4458121
4458122
4458123
4458124
