4459547
4459548
4459549
4459550
4459551
4459552
4459553
4459554
4459555
4459556
4459557
4459558
4459559
4459560
4459561
4459562
4459563
4459564
4459565
4459566
4459567
4459568
4459569
4459570
4459571
4459572
4459573
4459574
4459575
4459576
4459577
4459578
4459579
4459580
4459581
4459582
4459583
4459584
4459585
4459586
4459587
4459588
4459589
4459590
4459591
4459592
4459593
4459594
4459595
4459596
4459597
4459598
4459599
4459600
4459601
4459602
4459603
4459604
4459605
4459606
4459607
4459608
4459609
4459610
4459611
4459612
4459613
4459614
4459615
4459616
4459617
4459618
4459619
4459620
4459621
4459622
4459623
4459624
4459625
4459626
4459627
4459628
4459629
4459630
4459631
4459632
4459633
4459634
4459635
4459636
4459637
4459638
4459639
4459640
4459641
4459642
4459643
4459644
4459645
4459646
4459647
4459648
4459649
4459650
4459651
4459652
4459653
4459654
4459655
4459656
4459657
4459658
4459659
4459660
4459661
4459662
4459663
4459664
4459665
4459666
4459667
4459668
4459669
4459670
4459671
4459672
4459673
4459674
4459675
4459676
4459677
4459678
4459679
4459680
4459681
4459682
4459683
4459684
4459685
4459686
4459687
4459688
4459689
4459690
4459691
4459692
4459693
4459694
4459695
4459696
4459697
4459698
4459699
4459700
4459701
4459702
4459703
4459704
4459705
4459706
4459707
4459708
4459709
4459710
4459711
4459712
4459713
4459714
4459715
4459716
4459717
4459718
4459719
4459720
4459721
4459722
4459723
4459724
4459725
4459726
4459727
4459728
4459729
