4458125
4458126
4458127
4458128
4458129
4458130
4458131
4458132
4458133
4458134
4458135
4458136
4458137
4458138
4458139
4458140
4458141
4458142
4458143
4458144
4458145
4458146
4458147
4458148
4458149
4458150
4458151
4458152
4458153
4458154
4458155
4458156
4458157
4458158
4458159
4458160
4458161
4458162
4458163
4458164
4458165
4458166
4458167
4458168
4458169
4458170
4458171
4458172
4458173
4458174
4458175
4458176
4458177
4458178
4458179
4458180
4458181
4458182
4458183
4458184
4458185
4458186
4458187
4458188
4458189
4458190
4458191
4458192
4458193
4458194
4458195
4458196
4458197
4458198
4458199
4458200
4458201
4458202
4458203
4458204
4458205
4458206
4458207
4458208
4458209
4458210
4458211
4458212
4458213
4458214
4458215
4458216
4458217
4458218
4458219
4458220
4458221
4458222
4458223
4458224
4458225
4458226
4458227
4458228
4458229
4458230
4458231
4458232
4458233
4458234
4458235
4458236
4458237
4458238
4458239
4458240
4458241
4458242
4458243
4458244
4458245
4458246
4458247
4458248
4458249
4458250
4458251
4458252
4458253
4458254
4458255
4458256
4458257
4458258
4458259
4458260
4458261
4458262
4458263
4458264
4458265
4458266
4458267
4458268
4458269
4458270
4458271
4458272
4458273
4458274
4458275
4458276
4458277
4458278
4458279
4458280
4458281
4458282
4458283
4458284
4458285
4458286
4458287
4458288
4458289
4458290
4458291
4458292
4458293
4458294
4458295
4458296
4458297
4458298
4458299
4458300
4458301
4458302
4458303
4458304
4458305
4458306
4458307
4458308
4458309
4458310
4458311
4458312
4458313
4458314
4458315
4458316
4458317
4458318
4458319
4458320
4458321
4458322
4458323
4458324
4458325
4458326
4458327
4458328
4458329
4458330
4458331
4458332
4458333
4458334
4458335
4458336
4458337
4458338
4458339
4458340
4458341
4458342
4458343
4458344
4458345
4458346
4458347
4458348
4458349
4458350
4458351
4458352
4458353
4458354
4458355
4458356
4458357
4458358
4458359
4458360
4458361
4458362
4458363
4458364
4458365
4458366
4458367
4458368
4458369
4458370
4458371
4458372
4458373
4458374
4458375
4458376
4458377
4458378
4458379
4458380
4458381
4458382
4458383
4458384
4458385
4458386
4458387
4458388
4458389
4458390
4458391
4458392
4458393
4458394
4458395
4458396
4458397
4458398
4458399
4458400
4458401
4458402
4458403
4458404
4458405
4458406
4458407
4458408
4458409
4458410
4458411
4458412
4458413
4458414
4458415
4458416
4458417
4458418
4458419
4458420
4458421
4458422
4458423
4458424
4458425
4458426
4458427
4458428
4458429
4458430
4458431
4458432
4458433
4458434
4458435
4458436
4458437
4458438
4458439
4458440
4458441
4458442
4458443
4458444
4458445
4458446
4458447
4458448
4458449
4458450
4458451
4458452
4458453
4458454
4458455
4458456
4458457
4458458
4458459
4458460
4458461
4458462
4458463
4458464
4458465
4458466
4458467
4458468
4458469
4458470
4458471
4458472
4458473
4458474
4458475
4458476
4458477
4458478
4458479
4458480
4458481
4458482
4458483
4458484
4458485
4458486
4458487
4458488
4458489
4458490
4458491
4458492
4458493
4458494
4458495
4458496
4458497
4458498
4458499
4458500
4458501
4458502
4458503
4458504
4458505
4458506
4458507
4458508
4458509
4458510
4458511
4458512
4458513
4458514
4458515
4458516
4458517
4458518
4458519
4458520
4458521
4458522
4458523
4458524
4458525
4458526
4458527
4458528
4458529
4458530
4458531
4458532
4458533
4458534
4458535
4458536
4458537
4458538
4458539
4458540
4458541
4458542
4458543
4458544
4458545
4458546
4458547
4458548
4458549
4458550
4458551
4458552
4458553
4458554
4458555
4458556
4458557
4458558
4458559
4458560
4458561
4458562
4458563
4458564
4458565
4458566
4458567
4458568
4458569
4458570
4458571
4458572
4458573
4458574
4458575
4458576
4458577
4458578
4458579
4458580
4458581
4458582
4458583
4458584
4458585
4458586
4458587
4458588
4458589
4458590
4458591
4458592
4458593
4458594
4458595
4458596
4458597
4458598
4458599
4458600
4458601
4458602
4458603
4458604
4458605
4458606
4458607
4458608
4458609
4458610
4458611
4458612
4458613
4458614
4458615
4458616
4458617
4458618
4458619
4458620
4458621
4458622
4458623
4458624
4458625
4458626
4458627
4458628
4458629
4458630
4458631
4458632
4458633
4458634
4458635
4458636
4458637
4458638
4458639
4458640
4458641
4458642
4458643
4458644
4458645
4458646
4458647
4458648
4458649
4458650
4458651
4458652
4458653
4458654
4458655
4458656
4458657
4458658
4458659
4458660
4458661
4458662
4458663
4458664
4458665
4458666
4458667
4458668
4458669
4458670
4458671
4458672
4458673
4458674
4458675
4458676
4458677
4458678
4458679
4458680
4458681
4458682
4458683
4458684
4458685
4458686
4458687
4458688
4458689
4458690
4458691
4458692
4458693
4458694
4458695
4458696
4458697
4458698
4458699
4458700
4458701
4458702
4458703
4458704
4458705
4458706
4458707
4458708
4458709
4458710
4458711
4458712
4458713
4458714
4458715
4458716
4458717
4458718
4458719
4458720
4458721
4458722
4458723
4458724
4458725
4458726
4458727
4458728
4458729
4458730
4458731
4458732
4458733
4458734
4458735
4458736
4458737
4458738
4458739
4458740
4458741
4458742
4458743
4458744
4458745
4458746
4458747
4458748
4458749
4458750
4458751
4458752
4458753
4458754
4458755
4458756
4458757
4458758
4458759
4458760
4458761
4458762
4458763
4458764
4458765
4458766
4458767
4458768
4458769
4458770
4458771
4458772
4458773
4458774
4458775
4458776
4458777
4458778
4458779
4458780
4458781
4458782
4458783
4458784
4458785
4458786
4458787
4458788
4458789
4458790
4458791
4458792
4458793
4458794
4458795
4458796
4458797
4458798
4458799
4458800
4458801
4458802
4458803
4458804
4458805
4458806
4458807
4458808
4458809
4458810
4458811
4458812
4458813
4458814
4458815
4458816
4458817
4458818
4458819
4458820
4458821
4458822
4458823
4458824
4458825
4458826
4458827
4458828
4458829
4458830
4458831
4458832
4458833
4458834
4458835
4458836
4458837
4458838
4458839
4458840
4458841
4458842
4458843
4458844
4458845
4458846
4458847
4458848
4458849
4458850
4458851
4458852
4458853
4458854
4458855
4458856
4458857
4458858
4458859
4458860
4458861
4458862
4458863
4458864
4458865
4458866
4458867
4458868
4458869
4458870
4458871
4458872
4458873
4458874
4458875
4458876
4458877
4458878
4458879
4458880
4458881
4458882
4458883
4458884
4458885
4458886
4458887
4458888
4458889
4458890
4458891
4458892
4458893
4458894
4458895
4458896
4458897
4458898
4458899
4458900
4458901
4458902
4458903
4458904
4458905
4458906
4458907
4458908
4458909
4458910
4458911
4458912
4458913
4458914
4458915
4458916
4458917
4458918
4458919
4458920
4458921
4458922
4458923
4458924
4458925
4458926
4458927
4458928
4458929
4458930
4458931
4458932
4458933
4458934
4458935
4458936
4458937
4458938
4458939
4458940
4458941
4458942
4458943
4458944
4458945
4458946
4458947
4458948
4458949
4458950
4458951
4458952
4458953
4458954
4458955
4458956
4458957
4458958
4458959
4458960
4458961
4458962
4458963
4458964
4458965
4458966
4458967
4458968
4458969
4458970
4458971
4458972
4458973
4458974
4458975
4458976
4458977
4458978
4458979
4458980
4458981
4458982
4458983
4458984
4458985
4458986
4458987
4458988
4458989
4458990
4458991
4458992
4458993
4458994
4458995
4458996
4458997
4458998
4458999
4459000
4459001
4459002
4459003
4459004
4459005
4459006
4459007
4459008
4459009
4459010
4459011
4459012
4459013
4459014
4459015
4459016
4459017
4459018
4459019
4459020
4459021
4459022
4459023
4459024
4459025
4459026
4459027
4459028
4459029
4459030
4459031
4459032
4459033
4459034
4459035
4459036
4459037
4459038
4459039
4459040
4459041
4459042
4459043
4459044
4459045
4459046
4459047
4459048
4459049
4459050
4459051
4459052
4459053
4459054
4459055
4459056
4459057
4459058
4459059
4459060
4459061
4459062
4459063
4459064
4459065
4459066
4459067
4459068
4459069
4459070
4459071
4459072
4459073
4459074
4459075
4459076
4459077
4459078
4459079
4459080
4459081
4459082
4459083
4459084
4459085
4459086
4459087
4459088
4459089
4459090
4459091
4459092
4459093
4459094
4459095
4459096
4459097
4459098
4459099
4459100
4459101
4459102
4459103
4459104
4459105
4459106
4459107
4459108
4459109
4459110
4459111
4459112
4459113
4459114
4459115
4459116
4459117
4459118
4459119
4459120
4459121
4459122
4459123
4459124
4459125
4459126
4459127
4459128
4459129
4459130
4459131
4459132
4459133
4459134
4459135
4459136
4459137
4459138
4459139
4459140
4459141
4459142
4459143
4459144
4459145
4459146
4459147
4459148
4459149
4459150
4459151
4459152
4459153
4459154
4459155
4459156
4459157
4459158
4459159
4459160
4459161
4459162
4459163
4459164
4459165
4459166
4459167
4459168
4459169
4459170
4459171
4459172
4459173
4459174
4459175
4459176
4459177
4459178
4459179
4459180
4459181
4459182
4459183
4459184
4459185
4459186
4459187
4459188
4459189
4459190
4459191
4459192
4459193
4459194
4459195
4459196
4459197
4459198
4459199
4459200
4459201
4459202
4459203
4459204
4459205
4459206
4459207
4459208
4459209
4459210
4459211
4459212
4459213
4459214
4459215
4459216
4459217
4459218
4459219
4459220
4459221
4459222
4459223
4459224
4459225
4459226
4459227
4459228
4459229
4459230
4459231
4459232
4459233
4459234
4459235
4459236
4459237
4459238
4459239
4459240
4459241
4459242
4459243
4459244
4459245
4459246
4459247
4459248
4459249
4459250
4459251
4459252
4459253
4459254
4459255
4459256
4459257
4459258
4459259
4459260
4459261
4459262
4459263
4459264
4459265
4459266
4459267
4459268
4459269
4459270
4459271
4459272
4459273
4459274
4459275
4459276
4459277
4459278
4459279
4459280
4459281
4459282
4459283
4459284
4459285
4459286
4459287
4459288
4459289
4459290
4459291
4459292
4459293
4459294
4459295
4459296
4459297
4459298
4459299
4459300
4459301
4459302
4459303
4459304
4459305
4459306
4459307
4459308
4459309
4459310
4459311
4459312
4459313
4459314
4459315
4459316
4459317
4459318
4459319
4459320
4459321
4459322
4459323
4459324
4459325
4459326
4459327
4459328
4459329
4459330
4459331
4459332
4459333
4459334
4459335
4459336
4459337
4459338
4459339
4459340
4459341
4459342
4459343
4459344
4459345
4459346
4459347
4459348
4459349
4459350
4459351
4459352
4459353
4459354
4459355
4459356
4459357
4459358
4459359
4459360
4459361
4459362
4459363
4459364
4459365
4459366
4459367
4459368
4459369
4459370
4459371
4459372
4459373
4459374
4459375
4459376
4459377
4459378
4459379
4459380
4459381
4459382
4459383
4459384
4459385
4459386
4459387
4459388
4459389
4459390
4459391
4459392
4459393
4459394
4459395
4459396
4459397
4459398
4459399
4459400
4459401
4459402
4459403
4459404
4459405
4459406
4459407
4459408
4459409
4459410
4459411
4459412
4459413
4459414
4459415
4459416
4459417
4459418
4459419
4459420
4459421
4459422
4459423
4459424
4459425
4459426
4459427
4459428
4459429
4459430
4459431
4459432
4459433
4459434
4459435
4459436
4459437
4459438
4459439
4459440
4459441
4459442
4459443
4459444
4459445
4459446
4459447
4459448
4459449
4459450
4459451
4459452
4459453
4459454
4459455
4459456
4459457
4459458
4459459
4459460
4459461
4459462
4459463
4459464
4459465
4459466
4459467
4459468
4459469
4459470
4459471
4459472
4459473
4459474
4459475
4459476
4459477
4459478
4459479
4459480
4459481
4459482
4459483
4459484
4459485
4459486
4459487
4459488
4459489
4459490
4459491
4459492
4459493
4459494
4459495
4459496
4459497
4459498
4459499
4459500
4459501
4459502
4459503
4459504
4459505
4459506
4459507
4459508
4459509
4459510
4459511
4459512
4459513
4459514
4459515
4459516
4459517
4459518
4459519
4459520
4459521
4459522
4459523
4459524
4459525
4459526
4459527
4459528
4459529
4459530
4459531
4459532
4459533
4459534
4459535
4459536
4459537
4459538
4459539
4459540
4459541
4459542
4459543
4459544
4459545
4459546
