2656149
2656150
2656151
2656152
2656153
2656154
2656155
2656156
2656157
2656158
2656159
2656160
2656161
2656162
2656163
2656164
2656165
2656166
2656167
2656168
2656169
2656170
2656171
2656172
2656173
2656174
2656175
2656176
2656177
2656178
2656179
2656180
2656181
2656182
2656183
2656184
2656185
2656186
2656187
2656188
2656189
2656190
2656191
2656192
2656193
2656194
2656195
2656196
2656197
2656198
2656199
2656200
2656201
2656202
2656203
2656204
2656205
2656206
2656207
2656208
2656209
2656210
2656211
2656212
2656213
2656214
2656215
2656216
2656217
2656218
2656219
2656220
2656221
2656222
2656223
2656224
2656225
2656226
2656227
2656228
2656229
2656230
2656231
2656232
2656233
2656234
2656235
2656236
2656237
2656238
2656239
2656240
2656241
2656242
2656243
2656244
