2655504
2655505
2655506
2655507
2655508
2655509
2655510
2655511
2655512
2655513
2655514
2655515
2655516
2655517
2655518
2655519
2655520
2655521
2655522
2655523
2655524
2655525
2655526
2655527
2655528
2655529
2655530
2655531
2655532
2655533
2655534
2655535
2655536
2655537
2655538
2655539
2655540
2655541
2655542
2655543
2655544
2655545
2655546
2655547
2655548
2655549
2655550
2655551
2655552
2655553
2655554
2655555
2655556
2655557
2655558
2655559
2655560
2655561
2655562
2655563
2655564
2655565
2655566
2655567
2655568
2655569
2655570
2655571
2655572
2655573
2655574
2655575
2655576
2655577
2655578
2655579
2655580
2655581
2655582
2655583
2655584
2655585
2655586
2655587
2655588
2655589
2655590
2655591
2655592
2655593
2655594
2655595
2655596
2655597
2655598
2655599
2655600
2655601
2655602
2655603
2655604
2655605
2655606
2655607
2655608
2655609
2655610
2655611
2655612
2655613
2655614
2655615
2655616
2655617
2655618
2655619
2655620
2655621
2655622
2655623
2655624
2655625
2655626
2655627
2655628
2655629
2655630
2655631
2655632
2655633
2655634
2655635
2655636
2655637
2655638
2655639
2655640
2655641
2655642
2655643
2655644
2655645
2655646
2655647
2655648
2655649
2655650
2655651
2655652
2655653
2655654
2655655
2655656
2655657
2655658
2655659
2655660
2655661
2655662
2655663
2655664
2655665
2655666
2655667
2655668
2655669
2655670
2655671
2655672
2655673
2655674
2655675
2655676
2655677
2655678
2655679
2655680
2655681
2655682
2655683
2655684
2655685
2655686
2655687
2655688
2655689
2655690
2655691
2655692
2655693
2655694
2655695
2655696
2655697
2655698
2655699
2655700
2655701
2655702
2655703
2655704
2655705
2655706
2655707
2655708
2655709
2655710
2655711
2655712
2655713
2655714
2655715
2655716
2655717
2655718
2655719
2655720
2655721
2655722
2655723
2655724
2655725
2655726
2655727
2655728
2655729
2655730
2655731
2655732
2655733
2655734
2655735
2655736
2655737
2655738
2655739
2655740
2655741
2655742
2655743
2655744
2655745
2655746
2655747
2655748
2655749
2655750
2655751
2655752
2655753
2655754
2655755
2655756
2655757
2655758
2655759
2655760
2655761
2655762
2655763
2655764
2655765
2655766
2655767
2655768
2655769
2655770
2655771
2655772
2655773
2655774
2655775
2655776
2655777
2655778
2655779
2655780
2655781
2655782
2655783
2655784
2655785
2655786
2655787
2655788
2655789
2655790
2655791
2655792
2655793
2655794
2655795
2655796
2655797
2655798
2655799
2655800
2655801
2655802
2655803
2655804
2655805
2655806
2655807
2655808
2655809
2655810
2655811
2655812
2655813
2655814
2655815
2655816
2655817
2655818
2655819
2655820
2655821
2655822
2655823
2655824
2655825
2655826
2655827
2655828
2655829
2655830
2655831
2655832
2655833
2655834
2655835
2655836
2655837
2655838
2655839
2655840
2655841
2655842
2655843
2655844
2655845
2655846
2655847
2655848
2655849
2655850
2655851
2655852
2655853
2655854
2655855
2655856
2655857
2655858
2655859
2655860
2655861
2655862
2655863
2655864
2655865
2655866
2655867
2655868
2655869
2655870
2655871
2655872
2655873
2655874
2655875
2655876
2655877
2655878
2655879
2655880
2655881
2655882
2655883
2655884
2655885
2655886
2655887
2655888
2655889
2655890
2655891
2655892
2655893
2655894
2655895
2655896
2655897
2655898
2655899
2655900
2655901
2655902
2655903
2655904
2655905
2655906
2655907
2655908
2655909
2655910
2655911
2655912
2655913
2655914
2655915
2655916
2655917
2655918
2655919
2655920
2655921
2655922
2655923
2655924
2655925
2655926
2655927
2655928
2655929
2655930
2655931
2655932
2655933
2655934
2655935
2655936
2655937
2655938
2655939
2655940
2655941
2655942
2655943
2655944
2655945
2655946
2655947
2655948
2655949
2655950
2655951
2655952
2655953
2655954
2655955
2655956
2655957
2655958
2655959
2655960
2655961
2655962
2655963
2655964
2655965
2655966
2655967
2655968
2655969
2655970
2655971
2655972
2655973
2655974
2655975
2655976
2655977
2655978
2655979
2655980
2655981
2655982
2655983
2655984
2655985
2655986
2655987
2655988
2655989
2655990
2655991
2655992
2655993
2655994
2655995
2655996
2655997
2655998
2655999
2656000
2656001
2656002
2656003
2656004
2656005
2656006
2656007
2656008
2656009
2656010
2656011
2656012
2656013
2656014
2656015
2656016
2656017
2656018
2656019
2656020
2656021
2656022
2656023
2656024
2656025
2656026
2656027
2656028
2656029
2656030
2656031
2656032
2656033
2656034
2656035
2656036
2656037
2656038
2656039
2656040
2656041
2656042
2656043
2656044
2656045
2656046
2656047
2656048
2656049
2656050
2656051
2656052
2656053
2656054
2656055
2656056
2656057
2656058
2656059
2656060
2656061
2656062
2656063
2656064
2656065
2656066
2656067
2656068
2656069
2656070
2656071
2656072
2656073
2656074
2656075
2656076
2656077
2656078
2656079
2656080
2656081
2656082
2656083
2656084
2656085
2656086
2656087
2656088
2656089
2656090
2656091
2656092
2656093
2656094
2656095
2656096
2656097
2656098
2656099
2656100
2656101
2656102
2656103
2656104
2656105
2656106
2656107
2656108
2656109
2656110
2656111
2656112
2656113
2656114
2656115
2656116
2656117
2656118
2656119
2656120
2656121
2656122
2656123
2656124
2656125
2656126
2656127
2656128
2656129
2656130
2656131
2656132
2656133
2656134
2656135
2656136
2656137
2656138
2656139
2656140
2656141
2656142
2656143
2656144
2656145
2656146
2656147
2656148
