1989608
1989609
1989610
1989611
1989612
1989613
1989614
1989615
1989616
1989617
1989618
1989619
1989620
1989621
1989622
1989623
1989624
1989625
1989626
1989627
1989628
1989629
1989630
1989631
1989632
1989633
1989634
1989635
1989636
1989637
1989638
1989639
1989640
1989641
1989642
1989643
1989644
1989645
1989646
1989647
1989648
1989649
1989650
1989651
1989652
1989653
1989654
1989655
1989656
1989657
1989658
1989659
1989660
1989661
1989662
1989663
1989664
1989665
1989666
1989667
1989668
1989669
1989670
1989671
1989672
1989673
1989674
1989675
1989676
1989677
1989678
1989679
1989680
1989681
1989682
1989683
1989684
1989685
1989686
1989687
1989688
1989689
1989690
1989691
1989692
1989693
1989694
1989695
1989696
1989697
1989698
1989699
1989700
1989701
1989702
1989703
1989704
1989705
1989706
1989707
1989708
1989709
1989710
1989711
1989712
1989713
1989714
1989715
1989716
1989717
1989718
1989719
1989720
1989721
1989722
1989723
1989724
1989725
1989726
1989727
1989728
1989729
1989730
1989731
1989732
1989733
1989734
1989735
1989736
1989737
1989738
1989739
1989740
1989741
1989742
1989743
1989744
1989745
1989746
1989747
1989748
1989749
1989750
1989751
1989752
1989753
1989754
1989755
1989756
1989757
1989758
1989759
1989760
1989761
1989762
1989763
1989764
1989765
1989766
1989767
1989768
1989769
1989770
1989771
1989772
1989773
1989774
1989775
1989776
1989777
1989778
1989779
1989780
1989781
1989782
1989783
1989784
1989785
1989786
1989787
1989788
1989789
1989790
1989791
1989792
1989793
1989794
1989795
1989796
1989797
1989798
1989799
1989800
1989801
1989802
1989803
1989804
1989805
1989806
1989807
1989808
1989809
1989810
1989811
1989812
1989813
1989814
1989815
1989816
1989817
1989818
1989819
1989820
1989821
1989822
1989823
1989824
1989825
1989826
1989827
1989828
1989829
1989830
1989831
1989832
1989833
1989834
1989835
1989836
1989837
1989838
1989839
1989840
1989841
1989842
1989843
1989844
1989845
1989846
1989847
1989848
1989849
1989850
1989851
1989852
1989853
1989854
1989855
1989856
1989857
1989858
1989859
1989860
1989861
1989862
1989863
1989864
1989865
1989866
1989867
1989868
1989869
1989870
1989871
1989872
1989873
1989874
1989875
1989876
1989877
1989878
1989879
1989880
1989881
1989882
1989883
1989884
1989885
1989886
1989887
1989888
1989889
1989890
1989891
1989892
1989893
1989894
1989895
1989896
1989897
1989898
1989899
1989900
1989901
1989902
1989903
1989904
1989905
1989906
1989907
1989908
1989909
1989910
1989911
1989912
1989913
1989914
1989915
1989916
1989917
1989918
1989919
1989920
1989921
1989922
1989923
1989924
1989925
1989926
1989927
1989928
1989929
1989930
1989931
1989932
1989933
1989934
1989935
1989936
1989937
1989938
1989939
1989940
1989941
1989942
1989943
1989944
1989945
1989946
1989947
1989948
1989949
1989950
1989951
1989952
1989953
1989954
1989955
1989956
1989957
1989958
1989959
1989960
1989961
1989962
1989963
1989964
1989965
1989966
1989967
1989968
1989969
1989970
1989971
1989972
1989973
1989974
1989975
1989976
1989977
1989978
1989979
1989980
1989981
1989982
1989983
1989984
1989985
1989986
1989987
1989988
1989989
1989990
1989991
1989992
1989993
1989994
1989995
1989996
1989997
1989998
1989999
1990000
1990001
1990002
1990003
1990004
1990005
1990006
1990007
1990008
1990009
1990010
1990011
1990012
1990013
1990014
1990015
1990016
1990017
1990018
1990019
1990020
1990021
1990022
1990023
1990024
1990025
1990026
1990027
1990028
1990029
1990030
1990031
1990032
1990033
1990034
1990035
1990036
1990037
1990038
1990039
1990040
1990041
1990042
1990043
1990044
1990045
1990046
1990047
1990048
1990049
1990050
1990051
1990052
1990053
1990054
1990055
1990056
1990057
1990058
1990059
1990060
1990061
1990062
1990063
1990064
1990065
1990066
1990067
1990068
1990069
1990070
1990071
1990072
1990073
1990074
1990075
1990076
1990077
1990078
1990079
1990080
1990081
1990082
1990083
1990084
1990085
1990086
1990087
1990088
1990089
1990090
1990091
1990092
1990093
1990094
1990095
1990096
1990097
1990098
1990099
1990100
1990101
1990102
1990103
1990104
1990105
1990106
1990107
1990108
1990109
1990110
1990111
1990112
1990113
1990114
1990115
1990116
1990117
1990118
1990119
1990120
1990121
1990122
1990123
1990124
1990125
1990126
1990127
1990128
1990129
1990130
1990131
1990132
1990133
1990134
1990135
1990136
1990137
1990138
1990139
1990140
1990141
1990142
1990143
1990144
1990145
1990146
1990147
1990148
1990149
1990150
1990151
1990152
1990153
1990154
1990155
1990156
1990157
1990158
1990159
1990160
1990161
1990162
1990163
1990164
1990165
1990166
1990167
1990168
1990169
1990170
1990171
1990172
1990173
1990174
1990175
1990176
1990177
1990178
1990179
1990180
1990181
1990182
1990183
1990184
1990185
1990186
1990187
1990188
1990189
1990190
1990191
1990192
1990193
1990194
1990195
1990196
1990197
1990198
1990199
1990200
1990201
1990202
1990203
1990204
1990205
1990206
1990207
1990208
1990209
1990210
1990211
1990212
1990213
1990214
1990215
1990216
1990217
1990218
1990219
1990220
1990221
1990222
1990223
1990224
1990225
1990226
1990227
1990228
1990229
1990230
1990231
1990232
1990233
1990234
1990235
1990236
1990237
1990238
1990239
1990240
1990241
1990242
1990243
1990244
1990245
1990246
1990247
1990248
1990249
1990250
1990251
1990252
1990253
1990254
1990255
1990256
1990257
1990258
1990259
1990260
1990261
1990262
1990263
1990264
1990265
1990266
1990267
1990268
1990269
1990270
1990271
1990272
1990273
1990274
1990275
1990276
1990277
1990278
1990279
1990280
1990281
1990282
1990283
1990284
1990285
1990286
1990287
1990288
1990289
1990290
1990291
1990292
1990293
1990294
1990295
1990296
1990297
1990298
1990299
1990300
1990301
1990302
1990303
1990304
1990305
1990306
1990307
1990308
1990309
1990310
1990311
1990312
1990313
1990314
1990315
1990316
1990317
1990318
1990319
1990320
1990321
1990322
1990323
1990324
1990325
1990326
1990327
1990328
1990329
1990330
1990331
1990332
1990333
1990334
1990335
1990336
