1990336
1990337
1990338
1990339
1990340
1990341
1990342
1990343
1990344
1990345
1990346
1990347
1990348
1990349
1990350
1990351
1990352
1990353
1990354
1990355
1990356
1990357
1990358
1990359
1990360
1990361
1990362
1990363
1990364
1990365
1990366
1990367
1990368
1990369
1990370
1990371
1990372
1990373
1990374
1990375
1990376
1990377
1990378
1990379
1990380
1990381
1990382
1990383
1990384
1990385
1990386
1990387
1990388
1990389
1990390
1990391
1990392
1990393
1990394
1990395
1990396
1990397
1990398
1990399
1990400
1990401
1990402
1990403
1990404
1990405
1990406
1990407
1990408
1990409
1990410
1990411
1990412
1990413
1990414
1990415
1990416
1990417
1990418
1990419
1990420
1990421
1990422
1990423
1990424
1990425
1990426
1990427
1990428
1990429
1990430
1990431
1990432
1990433
1990434
1990435
1990436
1990437
1990438
1990439
1990440
1990441
1990442
1990443
1990444
1990445
1990446
1990447
1990448
1990449
1990450
1990451
1990452
1990453
1990454
1990455
1990456
1990457
1990458
1990459
1990460
1990461
1990462
1990463
1990464
1990465
1990466
1990467
1990468
1990469
1990470
1990471
1990472
1990473
1990474
1990475
1990476
1990477
1990478
1990479
1990480
1990481
1990482
1990483
1990484
1990485
1990486
1990487
1990488
1990489
1990490
1990491
1990492
1990493
1990494
1990495
1990496
1990497
1990498
1990499
1990500
1990501
1990502
1990503
1990504
1990505
1990506
1990507
1990508
1990509
1990510
1990511
1990512
1990513
1990514
1990515
1990516
1990517
1990518
1990519
1990520
1990521
1990522
1990523
1990524
1990525
1990526
1990527
1990528
1990529
1990530
1990531
1990532
1990533
1990534
1990535
1990536
1990537
1990538
1990539
1990540
1990541
1990542
1990543
1990544
1990545
1990546
1990547
1990548
1990549
1990550
1990551
1990552
1990553
1990554
1990555
1990556
1990557
1990558
1990559
1990560
1990561
1990562
1990563
1990564
1990565
1990566
1990567
1990568
1990569
1990570
1990571
1990572
1990573
1990574
1990575
1990576
1990577
1990578
1990579
1990580
1990581
1990582
1990583
1990584
1990585
1990586
1990587
1990588
1990589
1990590
1990591
1990592
1990593
1990594
1990595
1990596
1990597
1990598
1990599
1990600
1990601
1990602
1990603
1990604
1990605
1990606
1990607
1990608
1990609
1990610
1990611
1990612
1990613
1990614
1990615
1990616
1990617
1990618
1990619
1990620
1990621
1990622
1990623
1990624
1990625
1990626
1990627
1990628
1990629
1990630
1990631
