4085134
4085135
4085136
4085137
4085138
4085139
4085140
4085141
4085142
4085143
4085144
4085145
4085146
4085147
4085148
4085149
4085150
4085151
4085152
4085153
4085154
4085155
4085156
4085157
4085158
4085159
4085160
4085161
4085162
4085163
4085164
4085165
4085166
4085167
4085168
4085169
4085170
4085171
4085172
4085173
4085174
4085175
4085176
4085177
4085178
4085179
4085180
4085181
4085182
4085183
4085184
4085185
4085186
4085187
4085188
4085189
4085190
4085191
4085192
4085193
4085194
4085195
4085196
4085197
4085198
4085199
4085200
4085201
4085202
4085203
4085204
4085205
4085206
4085207
4085208
4085209
4085210
4085211
4085212
4085213
4085214
4085215
4085216
4085217
4085218
4085219
4085220
4085221
4085222
4085223
4085224
4085225
4085226
4085227
4085228
4085229
4085230
4085231
4085232
4085233
4085234
4085235
4085236
4085237
4085238
4085239
4085240
4085241
4085242
4085243
4085244
4085245
4085246
4085247
4085248
4085249
4085250
4085251
4085252
4085253
4085254
4085255
4085256
4085257
4085258
4085259
4085260
4085261
4085262
4085263
4085264
4085265
4085266
4085267
4085268
4085269
4085270
4085271
4085272
4085273
4085274
4085275
4085276
4085277
4085278
4085279
4085280
4085281
4085282
4085283
4085284
4085285
4085286
4085287
4085288
4085289
4085290
4085291
4085292
4085293
4085294
4085295
4085296
4085297
4085298
4085299
4085300
4085301
4085302
4085303
4085304
4085305
4085306
4085307
4085308
4085309
4085310
4085311
4085312
4085313
4085314
4085315
4085316
4085317
4085318
4085319
4085320
4085321
4085322
4085323
4085324
4085325
4085326
4085327
4085328
4085329
4085330
4085331
4085332
4085333
4085334
4085335
4085336
4085337
4085338
