4086059
4086060
4086061
4086062
4086063
4086064
4086065
4086066
4086067
4086068
4086069
4086070
4086071
4086072
4086073
4086074
4086075
4086076
4086077
4086078
4086079
4086080
4086081
4086082
4086083
4086084
4086085
4086086
4086087
4086088
4086089
4086090
4086091
4086092
4086093
4086094
4086095
4086096
4086097
4086098
4086099
4086100
4086101
4086102
4086103
4086104
4086105
4086106
4086107
4086108
4086109
4086110
4086111
4086112
4086113
4086114
4086115
4086116
4086117
4086118
4086119
4086120
4086121
