4085339
4085340
4085341
4085342
4085343
4085344
4085345
4085346
4085347
4085348
4085349
4085350
4085351
4085352
4085353
4085354
4085355
4085356
4085357
4085358
4085359
4085360
4085361
4085362
4085363
4085364
4085365
4085366
4085367
4085368
4085369
4085370
4085371
4085372
4085373
4085374
4085375
4085376
4085377
4085378
4085379
4085380
4085381
4085382
4085383
4085384
4085385
4085386
4085387
4085388
4085389
4085390
4085391
4085392
4085393
4085394
4085395
4085396
4085397
4085398
4085399
4085400
4085401
4085402
4085403
4085404
4085405
4085406
4085407
4085408
4085409
4085410
4085411
4085412
4085413
4085414
4085415
4085416
4085417
4085418
4085419
4085420
4085421
4085422
4085423
4085424
4085425
4085426
4085427
4085428
4085429
4085430
4085431
4085432
4085433
4085434
4085435
4085436
4085437
4085438
4085439
4085440
4085441
4085442
4085443
4085444
4085445
4085446
4085447
4085448
4085449
4085450
4085451
4085452
4085453
4085454
4085455
4085456
4085457
4085458
4085459
4085460
4085461
4085462
4085463
4085464
4085465
4085466
4085467
4085468
4085469
4085470
4085471
4085472
4085473
4085474
4085475
4085476
4085477
4085478
4085479
4085480
4085481
4085482
4085483
4085484
4085485
4085486
4085487
4085488
4085489
4085490
4085491
4085492
4085493
4085494
4085495
4085496
4085497
4085498
4085499
4085500
4085501
4085502
4085503
4085504
4085505
4085506
4085507
4085508
4085509
4085510
4085511
4085512
4085513
4085514
4085515
4085516
4085517
4085518
4085519
4085520
4085521
4085522
4085523
4085524
4085525
4085526
4085527
4085528
4085529
4085530
4085531
4085532
4085533
4085534
4085535
4085536
4085537
4085538
4085539
4085540
4085541
4085542
4085543
4085544
4085545
4085546
4085547
4085548
4085549
4085550
4085551
4085552
4085553
4085554
4085555
4085556
4085557
4085558
4085559
4085560
4085561
4085562
4085563
4085564
4085565
4085566
4085567
4085568
4085569
4085570
4085571
4085572
4085573
4085574
4085575
4085576
4085577
4085578
4085579
4085580
4085581
4085582
4085583
4085584
4085585
4085586
4085587
4085588
4085589
4085590
4085591
4085592
4085593
4085594
4085595
4085596
4085597
4085598
4085599
4085600
4085601
4085602
4085603
4085604
4085605
4085606
4085607
4085608
4085609
4085610
4085611
4085612
4085613
4085614
4085615
4085616
4085617
4085618
4085619
4085620
4085621
4085622
4085623
4085624
4085625
4085626
4085627
4085628
4085629
4085630
4085631
4085632
4085633
4085634
4085635
4085636
4085637
4085638
4085639
4085640
4085641
4085642
4085643
4085644
4085645
4085646
4085647
4085648
4085649
4085650
4085651
4085652
4085653
4085654
4085655
4085656
4085657
4085658
4085659
4085660
4085661
4085662
4085663
4085664
4085665
4085666
4085667
4085668
4085669
4085670
4085671
4085672
4085673
4085674
4085675
4085676
4085677
4085678
4085679
4085680
4085681
4085682
4085683
4085684
4085685
4085686
4085687
4085688
4085689
4085690
4085691
4085692
4085693
4085694
4085695
4085696
4085697
4085698
4085699
4085700
4085701
4085702
4085703
4085704
4085705
4085706
4085707
4085708
4085709
4085710
4085711
4085712
4085713
4085714
4085715
4085716
4085717
4085718
4085719
4085720
4085721
4085722
4085723
4085724
4085725
4085726
4085727
4085728
4085729
4085730
4085731
4085732
4085733
4085734
4085735
4085736
4085737
4085738
4085739
4085740
4085741
4085742
4085743
4085744
4085745
4085746
4085747
4085748
4085749
4085750
4085751
4085752
4085753
4085754
4085755
4085756
4085757
4085758
4085759
4085760
4085761
4085762
4085763
4085764
4085765
4085766
4085767
4085768
4085769
4085770
4085771
4085772
4085773
4085774
4085775
4085776
4085777
4085778
4085779
4085780
4085781
4085782
4085783
4085784
4085785
4085786
4085787
4085788
4085789
4085790
4085791
4085792
4085793
4085794
4085795
4085796
4085797
4085798
4085799
4085800
4085801
4085802
4085803
4085804
4085805
4085806
4085807
4085808
4085809
4085810
4085811
4085812
4085813
4085814
4085815
4085816
4085817
4085818
4085819
4085820
4085821
4085822
4085823
4085824
4085825
4085826
4085827
4085828
4085829
4085830
4085831
4085832
4085833
4085834
4085835
4085836
4085837
4085838
4085839
4085840
4085841
4085842
4085843
4085844
4085845
4085846
4085847
4085848
4085849
4085850
4085851
4085852
4085853
4085854
4085855
4085856
4085857
4085858
4085859
4085860
4085861
4085862
4085863
4085864
4085865
4085866
4085867
4085868
4085869
4085870
4085871
4085872
4085873
4085874
4085875
4085876
4085877
4085878
4085879
4085880
4085881
4085882
4085883
4085884
4085885
4085886
4085887
4085888
4085889
4085890
4085891
4085892
4085893
4085894
4085895
4085896
4085897
4085898
4085899
4085900
4085901
4085902
4085903
4085904
4085905
4085906
4085907
4085908
4085909
4085910
4085911
4085912
4085913
4085914
4085915
4085916
4085917
4085918
4085919
4085920
4085921
4085922
4085923
4085924
4085925
4085926
4085927
4085928
4085929
4085930
4085931
4085932
4085933
4085934
4085935
4085936
4085937
4085938
4085939
4085940
4085941
4085942
4085943
4085944
4085945
4085946
4085947
4085948
4085949
4085950
4085951
4085952
4085953
4085954
4085955
4085956
4085957
4085958
4085959
4085960
4085961
4085962
4085963
4085964
4085965
4085966
4085967
4085968
4085969
4085970
4085971
4085972
4085973
4085974
4085975
4085976
4085977
4085978
4085979
4085980
4085981
4085982
4085983
4085984
4085985
4085986
4085987
4085988
4085989
4085990
4085991
4085992
4085993
4085994
4085995
4085996
4085997
4085998
4085999
4086000
4086001
4086002
4086003
4086004
4086005
4086006
4086007
4086008
4086009
4086010
4086011
4086012
4086013
4086014
4086015
4086016
4086017
4086018
4086019
4086020
4086021
4086022
4086023
4086024
4086025
4086026
4086027
4086028
4086029
4086030
4086031
4086032
4086033
4086034
4086035
4086036
4086037
4086038
4086039
4086040
4086041
4086042
4086043
4086044
4086045
4086046
4086047
4086048
4086049
4086050
4086051
4086052
4086053
4086054
4086055
4086056
4086057
4086058
