4822432
4822433
4822434
4822435
4822436
4822437
4822438
4822439
4822440
4822441
4822442
4822443
4822444
4822445
4822446
4822447
4822448
4822449
4822450
4822451
4822452
4822453
4822454
4822455
4822456
4822457
4822458
4822459
4822460
4822461
4822462
4822463
4822464
4822465
4822466
4822467
4822468
4822469
4822470
4822471
4822472
4822473
4822474
4822475
4822476
4822477
4822478
4822479
4822480
4822481
4822482
4822483
4822484
4822485
4822486
4822487
4822488
4822489
4822490
4822491
4822492
4822493
4822494
4822495
4822496
4822497
4822498
4822499
4822500
