4820500
4820501
4820502
4820503
4820504
4820505
4820506
4820507
4820508
4820509
4820510
4820511
4820512
4820513
4820514
4820515
4820516
4820517
4820518
4820519
4820520
4820521
4820522
4820523
4820524
4820525
4820526
4820527
4820528
4820529
4820530
4820531
4820532
4820533
4820534
4820535
4820536
4820537
4820538
4820539
4820540
4820541
4820542
4820543
4820544
4820545
4820546
4820547
4820548
4820549
4820550
4820551
4820552
4820553
4820554
4820555
4820556
4820557
4820558
4820559
4820560
4820561
4820562
4820563
4820564
4820565
4820566
4820567
4820568
4820569
4820570
4820571
4820572
4820573
4820574
4820575
4820576
4820577
4820578
4820579
4820580
4820581
4820582
4820583
4820584
4820585
4820586
4820587
4820588
4820589
4820590
4820591
4820592
4820593
4820594
4820595
4820596
4820597
4820598
4820599
4820600
4820601
4820602
4820603
4820604
4820605
4820606
4820607
4820608
4820609
4820610
4820611
4820612
4820613
4820614
4820615
4820616
4820617
4820618
4820619
4820620
4820621
4820622
4820623
4820624
4820625
4820626
4820627
4820628
4820629
4820630
4820631
