4820632
4820633
4820634
4820635
4820636
4820637
4820638
4820639
4820640
4820641
4820642
4820643
4820644
4820645
4820646
4820647
4820648
4820649
4820650
4820651
4820652
4820653
4820654
4820655
4820656
4820657
4820658
4820659
4820660
4820661
4820662
4820663
4820664
4820665
4820666
4820667
4820668
4820669
4820670
4820671
4820672
4820673
4820674
4820675
4820676
4820677
4820678
4820679
4820680
4820681
4820682
4820683
4820684
4820685
4820686
4820687
4820688
4820689
4820690
4820691
4820692
4820693
4820694
4820695
4820696
4820697
4820698
4820699
4820700
4820701
4820702
4820703
4820704
4820705
4820706
4820707
4820708
4820709
4820710
4820711
4820712
4820713
4820714
4820715
4820716
4820717
4820718
4820719
4820720
4820721
4820722
4820723
4820724
4820725
4820726
4820727
4820728
4820729
4820730
4820731
4820732
4820733
4820734
4820735
4820736
4820737
4820738
4820739
4820740
4820741
4820742
4820743
4820744
4820745
4820746
4820747
4820748
4820749
4820750
4820751
4820752
4820753
4820754
4820755
4820756
4820757
4820758
4820759
4820760
4820761
4820762
4820763
4820764
4820765
4820766
4820767
4820768
4820769
4820770
4820771
4820772
4820773
4820774
4820775
4820776
4820777
4820778
4820779
4820780
4820781
4820782
4820783
4820784
4820785
4820786
4820787
4820788
4820789
4820790
4820791
4820792
4820793
4820794
4820795
4820796
4820797
4820798
4820799
4820800
4820801
4820802
4820803
4820804
4820805
4820806
4820807
4820808
4820809
4820810
4820811
4820812
4820813
4820814
4820815
4820816
4820817
4820818
4820819
4820820
4820821
4820822
4820823
4820824
4820825
4820826
4820827
4820828
4820829
4820830
4820831
4820832
4820833
4820834
4820835
4820836
4820837
4820838
4820839
4820840
4820841
4820842
4820843
4820844
4820845
4820846
4820847
4820848
4820849
4820850
4820851
4820852
4820853
4820854
4820855
4820856
4820857
4820858
4820859
4820860
4820861
4820862
4820863
4820864
4820865
4820866
4820867
4820868
4820869
4820870
4820871
4820872
4820873
4820874
4820875
4820876
4820877
4820878
4820879
4820880
4820881
4820882
4820883
4820884
4820885
4820886
4820887
4820888
4820889
4820890
4820891
4820892
4820893
4820894
4820895
4820896
4820897
4820898
4820899
4820900
4820901
4820902
4820903
4820904
4820905
4820906
4820907
4820908
4820909
4820910
4820911
4820912
4820913
4820914
4820915
4820916
4820917
4820918
4820919
4820920
4820921
4820922
4820923
4820924
4820925
4820926
4820927
4820928
4820929
4820930
4820931
4820932
4820933
4820934
4820935
4820936
4820937
4820938
4820939
4820940
4820941
4820942
4820943
4820944
4820945
4820946
4820947
4820948
4820949
4820950
4820951
4820952
4820953
4820954
4820955
4820956
4820957
4820958
4820959
4820960
4820961
4820962
4820963
4820964
4820965
4820966
4820967
4820968
4820969
4820970
4820971
4820972
4820973
4820974
4820975
4820976
4820977
4820978
4820979
4820980
4820981
4820982
4820983
4820984
4820985
4820986
4820987
4820988
4820989
4820990
4820991
4820992
4820993
4820994
4820995
4820996
4820997
4820998
4820999
4821000
4821001
4821002
4821003
4821004
4821005
4821006
4821007
4821008
4821009
4821010
4821011
4821012
4821013
4821014
4821015
4821016
4821017
4821018
4821019
4821020
4821021
4821022
4821023
4821024
4821025
4821026
4821027
4821028
4821029
4821030
4821031
4821032
4821033
4821034
4821035
4821036
4821037
4821038
4821039
4821040
4821041
4821042
4821043
4821044
4821045
4821046
4821047
4821048
4821049
4821050
4821051
4821052
4821053
4821054
4821055
4821056
4821057
4821058
4821059
4821060
4821061
4821062
4821063
4821064
4821065
4821066
4821067
4821068
4821069
4821070
4821071
4821072
4821073
4821074
4821075
4821076
4821077
4821078
4821079
4821080
4821081
4821082
4821083
4821084
4821085
4821086
4821087
4821088
4821089
4821090
4821091
4821092
4821093
4821094
4821095
4821096
4821097
4821098
4821099
4821100
4821101
4821102
4821103
4821104
4821105
4821106
4821107
4821108
4821109
4821110
4821111
4821112
4821113
4821114
4821115
4821116
4821117
4821118
4821119
4821120
4821121
4821122
4821123
4821124
4821125
4821126
4821127
4821128
4821129
4821130
4821131
4821132
4821133
4821134
4821135
4821136
4821137
4821138
4821139
4821140
4821141
4821142
4821143
4821144
4821145
4821146
4821147
4821148
4821149
4821150
4821151
4821152
4821153
4821154
4821155
4821156
4821157
4821158
4821159
4821160
4821161
4821162
4821163
4821164
4821165
4821166
4821167
4821168
4821169
4821170
4821171
4821172
4821173
4821174
4821175
4821176
4821177
4821178
4821179
4821180
4821181
4821182
4821183
4821184
4821185
4821186
4821187
4821188
4821189
4821190
4821191
4821192
4821193
4821194
4821195
4821196
4821197
4821198
4821199
4821200
4821201
4821202
4821203
4821204
4821205
4821206
4821207
4821208
4821209
4821210
4821211
4821212
4821213
4821214
4821215
4821216
4821217
4821218
4821219
4821220
4821221
4821222
4821223
4821224
4821225
4821226
4821227
4821228
4821229
4821230
4821231
4821232
4821233
4821234
4821235
4821236
4821237
4821238
4821239
4821240
4821241
4821242
4821243
4821244
4821245
4821246
4821247
4821248
4821249
4821250
4821251
4821252
4821253
4821254
4821255
4821256
4821257
4821258
4821259
4821260
4821261
4821262
4821263
4821264
4821265
4821266
4821267
4821268
4821269
4821270
4821271
4821272
4821273
4821274
4821275
4821276
4821277
4821278
4821279
4821280
4821281
4821282
4821283
4821284
4821285
4821286
4821287
4821288
4821289
4821290
4821291
4821292
4821293
4821294
4821295
4821296
4821297
4821298
4821299
4821300
4821301
4821302
4821303
4821304
4821305
4821306
4821307
4821308
4821309
4821310
4821311
4821312
4821313
4821314
4821315
4821316
4821317
4821318
4821319
4821320
4821321
4821322
4821323
4821324
4821325
4821326
4821327
4821328
4821329
4821330
4821331
4821332
4821333
4821334
4821335
4821336
4821337
4821338
4821339
4821340
4821341
4821342
4821343
4821344
4821345
4821346
4821347
4821348
4821349
4821350
4821351
4821352
4821353
4821354
4821355
4821356
4821357
4821358
4821359
4821360
4821361
4821362
4821363
4821364
4821365
4821366
4821367
4821368
4821369
4821370
4821371
4821372
4821373
4821374
4821375
4821376
4821377
4821378
4821379
4821380
4821381
4821382
4821383
4821384
4821385
4821386
4821387
4821388
4821389
4821390
4821391
4821392
4821393
4821394
4821395
4821396
4821397
4821398
4821399
4821400
4821401
4821402
4821403
4821404
4821405
4821406
4821407
4821408
4821409
4821410
4821411
4821412
4821413
4821414
4821415
4821416
4821417
4821418
4821419
4821420
4821421
4821422
4821423
4821424
4821425
4821426
4821427
4821428
4821429
4821430
4821431
4821432
4821433
4821434
4821435
4821436
4821437
4821438
4821439
4821440
4821441
4821442
4821443
4821444
4821445
4821446
4821447
4821448
4821449
4821450
4821451
4821452
4821453
4821454
4821455
4821456
4821457
4821458
4821459
4821460
4821461
4821462
4821463
4821464
4821465
4821466
4821467
4821468
4821469
4821470
4821471
4821472
4821473
4821474
4821475
4821476
4821477
4821478
4821479
4821480
4821481
4821482
4821483
4821484
4821485
4821486
4821487
4821488
4821489
4821490
4821491
4821492
4821493
4821494
4821495
4821496
4821497
4821498
4821499
4821500
4821501
4821502
4821503
4821504
4821505
4821506
4821507
4821508
4821509
4821510
4821511
4821512
4821513
4821514
4821515
4821516
4821517
4821518
4821519
4821520
4821521
4821522
4821523
4821524
4821525
4821526
4821527
4821528
4821529
4821530
4821531
4821532
4821533
4821534
4821535
4821536
4821537
4821538
4821539
4821540
4821541
4821542
4821543
4821544
4821545
4821546
4821547
4821548
4821549
4821550
4821551
4821552
4821553
4821554
4821555
4821556
4821557
4821558
4821559
4821560
4821561
4821562
4821563
4821564
4821565
4821566
4821567
4821568
4821569
4821570
4821571
4821572
4821573
4821574
4821575
4821576
4821577
4821578
4821579
4821580
4821581
4821582
4821583
4821584
4821585
4821586
4821587
4821588
4821589
4821590
4821591
4821592
4821593
4821594
4821595
4821596
4821597
4821598
4821599
4821600
4821601
4821602
4821603
4821604
4821605
4821606
4821607
4821608
4821609
4821610
4821611
4821612
4821613
4821614
4821615
4821616
4821617
4821618
4821619
4821620
4821621
4821622
4821623
4821624
4821625
4821626
4821627
4821628
4821629
4821630
4821631
4821632
4821633
4821634
4821635
4821636
4821637
4821638
4821639
4821640
4821641
4821642
4821643
4821644
4821645
4821646
4821647
4821648
4821649
4821650
4821651
4821652
4821653
4821654
4821655
4821656
4821657
4821658
4821659
4821660
4821661
4821662
4821663
4821664
4821665
4821666
4821667
4821668
4821669
4821670
4821671
4821672
4821673
4821674
4821675
4821676
4821677
4821678
4821679
4821680
4821681
4821682
4821683
4821684
4821685
4821686
4821687
4821688
4821689
4821690
4821691
4821692
4821693
4821694
4821695
4821696
4821697
4821698
4821699
4821700
4821701
4821702
4821703
4821704
4821705
4821706
4821707
4821708
4821709
4821710
4821711
4821712
4821713
4821714
4821715
4821716
4821717
4821718
4821719
4821720
4821721
4821722
4821723
4821724
4821725
4821726
4821727
4821728
4821729
4821730
4821731
4821732
4821733
4821734
4821735
4821736
4821737
4821738
4821739
4821740
4821741
4821742
4821743
4821744
4821745
4821746
4821747
4821748
4821749
4821750
4821751
4821752
4821753
4821754
4821755
4821756
4821757
4821758
4821759
4821760
4821761
4821762
4821763
4821764
4821765
4821766
4821767
4821768
4821769
4821770
4821771
4821772
4821773
4821774
4821775
4821776
4821777
4821778
4821779
4821780
4821781
4821782
4821783
4821784
4821785
4821786
4821787
4821788
4821789
4821790
4821791
4821792
4821793
4821794
4821795
4821796
4821797
4821798
4821799
4821800
4821801
4821802
4821803
4821804
4821805
4821806
4821807
4821808
4821809
4821810
4821811
4821812
4821813
4821814
4821815
4821816
4821817
4821818
4821819
4821820
4821821
4821822
4821823
4821824
4821825
4821826
4821827
4821828
4821829
4821830
4821831
4821832
4821833
4821834
4821835
4821836
4821837
4821838
4821839
4821840
4821841
4821842
4821843
4821844
4821845
4821846
4821847
4821848
4821849
4821850
4821851
4821852
4821853
4821854
4821855
4821856
4821857
4821858
4821859
4821860
4821861
4821862
4821863
4821864
4821865
4821866
4821867
4821868
4821869
4821870
4821871
4821872
4821873
4821874
4821875
4821876
4821877
4821878
4821879
4821880
4821881
4821882
4821883
4821884
4821885
4821886
4821887
4821888
4821889
4821890
4821891
4821892
4821893
4821894
4821895
4821896
4821897
4821898
4821899
4821900
4821901
4821902
4821903
4821904
4821905
4821906
4821907
4821908
4821909
4821910
4821911
4821912
4821913
4821914
4821915
4821916
4821917
4821918
4821919
4821920
4821921
4821922
4821923
4821924
4821925
4821926
4821927
4821928
4821929
4821930
4821931
4821932
4821933
4821934
4821935
4821936
4821937
4821938
4821939
4821940
4821941
4821942
4821943
4821944
4821945
4821946
4821947
4821948
4821949
4821950
4821951
4821952
4821953
4821954
4821955
4821956
4821957
4821958
4821959
4821960
4821961
4821962
4821963
4821964
4821965
4821966
4821967
4821968
4821969
4821970
4821971
4821972
4821973
4821974
4821975
4821976
4821977
4821978
4821979
4821980
4821981
4821982
4821983
4821984
4821985
4821986
4821987
4821988
4821989
4821990
4821991
4821992
4821993
4821994
4821995
4821996
4821997
4821998
4821999
4822000
4822001
4822002
4822003
4822004
4822005
4822006
4822007
4822008
4822009
4822010
4822011
4822012
4822013
4822014
4822015
4822016
4822017
4822018
4822019
4822020
4822021
4822022
4822023
4822024
4822025
4822026
4822027
4822028
4822029
4822030
4822031
4822032
4822033
4822034
4822035
4822036
4822037
4822038
4822039
4822040
4822041
4822042
4822043
4822044
4822045
4822046
4822047
4822048
4822049
4822050
4822051
4822052
4822053
4822054
4822055
4822056
4822057
4822058
4822059
4822060
4822061
4822062
4822063
4822064
4822065
4822066
4822067
4822068
4822069
4822070
4822071
4822072
4822073
4822074
4822075
4822076
4822077
4822078
4822079
4822080
4822081
4822082
4822083
4822084
4822085
4822086
4822087
4822088
4822089
4822090
4822091
4822092
4822093
4822094
4822095
4822096
4822097
4822098
4822099
4822100
4822101
4822102
4822103
4822104
4822105
4822106
4822107
4822108
4822109
4822110
4822111
4822112
4822113
4822114
4822115
4822116
4822117
4822118
4822119
4822120
4822121
4822122
4822123
4822124
4822125
4822126
4822127
4822128
4822129
4822130
4822131
4822132
4822133
4822134
4822135
4822136
4822137
4822138
4822139
4822140
4822141
4822142
4822143
4822144
4822145
4822146
4822147
4822148
4822149
4822150
4822151
4822152
4822153
4822154
4822155
4822156
4822157
4822158
4822159
4822160
4822161
4822162
4822163
4822164
4822165
4822166
4822167
4822168
4822169
4822170
4822171
4822172
4822173
4822174
4822175
4822176
4822177
4822178
4822179
4822180
4822181
4822182
4822183
4822184
4822185
4822186
4822187
4822188
4822189
4822190
4822191
4822192
4822193
4822194
4822195
4822196
4822197
4822198
4822199
4822200
4822201
4822202
4822203
4822204
4822205
4822206
4822207
4822208
4822209
4822210
4822211
4822212
4822213
4822214
4822215
4822216
4822217
4822218
4822219
4822220
4822221
4822222
4822223
4822224
4822225
4822226
4822227
4822228
4822229
4822230
4822231
4822232
4822233
4822234
4822235
4822236
4822237
4822238
4822239
4822240
4822241
4822242
4822243
4822244
4822245
4822246
4822247
4822248
4822249
4822250
4822251
4822252
4822253
4822254
4822255
4822256
4822257
4822258
4822259
4822260
4822261
4822262
4822263
4822264
4822265
4822266
4822267
4822268
4822269
4822270
4822271
4822272
4822273
4822274
4822275
4822276
4822277
4822278
4822279
4822280
4822281
4822282
4822283
4822284
4822285
4822286
4822287
4822288
4822289
4822290
4822291
4822292
4822293
4822294
4822295
4822296
4822297
4822298
4822299
4822300
4822301
4822302
4822303
4822304
4822305
4822306
4822307
4822308
4822309
4822310
4822311
4822312
4822313
4822314
4822315
4822316
4822317
4822318
4822319
4822320
4822321
4822322
4822323
4822324
4822325
4822326
4822327
4822328
4822329
4822330
4822331
4822332
4822333
4822334
4822335
4822336
4822337
4822338
4822339
4822340
4822341
4822342
4822343
4822344
4822345
4822346
4822347
4822348
4822349
4822350
4822351
4822352
4822353
4822354
4822355
4822356
4822357
4822358
4822359
4822360
4822361
4822362
4822363
4822364
4822365
4822366
4822367
4822368
4822369
4822370
4822371
4822372
4822373
4822374
4822375
4822376
4822377
4822378
4822379
4822380
4822381
4822382
4822383
4822384
4822385
4822386
4822387
4822388
4822389
4822390
4822391
4822392
4822393
4822394
4822395
4822396
4822397
4822398
4822399
4822400
4822401
4822402
4822403
4822404
4822405
4822406
4822407
4822408
4822409
4822410
4822411
4822412
4822413
4822414
4822415
4822416
4822417
4822418
4822419
4822420
4822421
4822422
4822423
4822424
4822425
4822426
4822427
4822428
4822429
4822430
4822431
