2589053
2589054
2589055
2589056
2589057
2589058
2589059
2589060
2589061
2589062
2589063
2589064
2589065
2589066
2589067
2589068
2589069
2589070
2589071
2589072
2589073
2589074
2589075
2589076
2589077
2589078
2589079
2589080
2589081
2589082
2589083
2589084
2589085
2589086
2589087
2589088
2589089
2589090
2589091
2589092
2589093
2589094
2589095
2589096
2589097
2589098
2589099
2589100
2589101
2589102
2589103
2589104
2589105
2589106
2589107
2589108
2589109
2589110
2589111
2589112
2589113
2589114
2589115
