2587205
2587206
2587207
2587208
2587209
2587210
2587211
2587212
2587213
2587214
2587215
2587216
2587217
2587218
2587219
2587220
2587221
2587222
2587223
2587224
2587225
2587226
2587227
2587228
2587229
2587230
2587231
2587232
2587233
2587234
2587235
2587236
2587237
2587238
2587239
2587240
2587241
2587242
2587243
2587244
2587245
2587246
2587247
2587248
2587249
2587250
2587251
2587252
2587253
2587254
2587255
2587256
2587257
2587258
2587259
2587260
2587261
2587262
2587263
2587264
2587265
2587266
2587267
2587268
2587269
2587270
2587271
2587272
2587273
2587274
2587275
2587276
2587277
2587278
2587279
2587280
2587281
2587282
2587283
2587284
2587285
2587286
2587287
2587288
2587289
2587290
2587291
2587292
2587293
2587294
2587295
2587296
2587297
2587298
2587299
2587300
2587301
2587302
2587303
2587304
2587305
2587306
2587307
2587308
2587309
2587310
2587311
2587312
2587313
2587314
2587315
2587316
2587317
2587318
2587319
2587320
2587321
2587322
2587323
2587324
2587325
2587326
2587327
2587328
2587329
2587330
2587331
2587332
2587333
2587334
2587335
2587336
2587337
2587338
2587339
2587340
2587341
2587342
2587343
2587344
2587345
2587346
2587347
2587348
2587349
2587350
2587351
2587352
2587353
2587354
2587355
2587356
2587357
2587358
2587359
2587360
2587361
2587362
2587363
2587364
2587365
2587366
2587367
2587368
2587369
2587370
2587371
2587372
2587373
2587374
2587375
2587376
2587377
2587378
2587379
2587380
2587381
2587382
2587383
2587384
2587385
2587386
2587387
2587388
2587389
2587390
2587391
2587392
2587393
2587394
2587395
2587396
2587397
2587398
2587399
2587400
2587401
2587402
2587403
2587404
2587405
2587406
2587407
2587408
2587409
2587410
2587411
2587412
2587413
2587414
2587415
2587416
2587417
2587418
2587419
2587420
2587421
2587422
2587423
2587424
2587425
2587426
2587427
2587428
2587429
2587430
2587431
2587432
2587433
2587434
2587435
2587436
2587437
2587438
2587439
2587440
2587441
2587442
2587443
2587444
2587445
2587446
2587447
2587448
2587449
2587450
2587451
2587452
2587453
2587454
2587455
2587456
2587457
2587458
2587459
2587460
2587461
2587462
2587463
2587464
2587465
2587466
2587467
2587468
2587469
2587470
2587471
2587472
2587473
2587474
2587475
2587476
2587477
2587478
2587479
2587480
2587481
2587482
2587483
2587484
2587485
2587486
2587487
2587488
2587489
2587490
2587491
2587492
2587493
2587494
2587495
2587496
2587497
2587498
2587499
2587500
2587501
2587502
2587503
2587504
2587505
2587506
2587507
2587508
2587509
2587510
2587511
2587512
2587513
2587514
2587515
2587516
2587517
2587518
2587519
2587520
2587521
2587522
2587523
2587524
2587525
2587526
2587527
2587528
2587529
2587530
2587531
2587532
2587533
2587534
2587535
2587536
2587537
2587538
2587539
2587540
2587541
2587542
2587543
2587544
2587545
2587546
2587547
2587548
2587549
2587550
2587551
2587552
2587553
2587554
2587555
2587556
2587557
2587558
2587559
2587560
2587561
2587562
2587563
2587564
2587565
2587566
2587567
2587568
2587569
2587570
2587571
2587572
2587573
2587574
2587575
2587576
2587577
2587578
2587579
2587580
2587581
2587582
2587583
2587584
2587585
2587586
2587587
2587588
2587589
2587590
2587591
2587592
2587593
2587594
2587595
2587596
2587597
2587598
2587599
2587600
2587601
2587602
2587603
2587604
2587605
2587606
2587607
2587608
2587609
2587610
2587611
2587612
2587613
2587614
2587615
2587616
2587617
2587618
2587619
2587620
2587621
2587622
2587623
2587624
2587625
2587626
2587627
2587628
2587629
2587630
2587631
2587632
2587633
2587634
2587635
2587636
2587637
2587638
2587639
2587640
2587641
2587642
2587643
2587644
2587645
2587646
2587647
2587648
2587649
2587650
2587651
2587652
2587653
2587654
2587655
2587656
2587657
2587658
2587659
2587660
2587661
2587662
2587663
2587664
2587665
2587666
2587667
2587668
2587669
2587670
2587671
2587672
2587673
2587674
2587675
2587676
2587677
2587678
2587679
2587680
2587681
2587682
2587683
2587684
2587685
2587686
2587687
2587688
2587689
2587690
2587691
2587692
2587693
2587694
2587695
2587696
2587697
2587698
2587699
2587700
2587701
2587702
2587703
2587704
2587705
2587706
2587707
2587708
2587709
2587710
2587711
2587712
2587713
2587714
2587715
2587716
2587717
2587718
2587719
2587720
2587721
2587722
2587723
2587724
2587725
2587726
2587727
2587728
2587729
2587730
2587731
2587732
2587733
2587734
2587735
2587736
2587737
2587738
2587739
2587740
2587741
2587742
2587743
2587744
2587745
2587746
2587747
2587748
2587749
2587750
2587751
2587752
2587753
2587754
2587755
2587756
2587757
2587758
2587759
2587760
2587761
2587762
2587763
2587764
2587765
2587766
2587767
2587768
2587769
2587770
2587771
2587772
2587773
2587774
2587775
2587776
2587777
2587778
2587779
2587780
2587781
2587782
2587783
2587784
2587785
2587786
2587787
2587788
2587789
2587790
2587791
2587792
2587793
2587794
2587795
2587796
2587797
2587798
2587799
2587800
2587801
2587802
2587803
2587804
2587805
2587806
2587807
2587808
2587809
2587810
2587811
2587812
2587813
2587814
2587815
2587816
2587817
2587818
2587819
2587820
2587821
2587822
2587823
2587824
2587825
2587826
2587827
2587828
2587829
2587830
2587831
2587832
2587833
2587834
2587835
2587836
2587837
2587838
2587839
2587840
2587841
2587842
2587843
2587844
2587845
2587846
2587847
2587848
2587849
2587850
2587851
2587852
2587853
2587854
2587855
2587856
2587857
2587858
2587859
2587860
2587861
2587862
2587863
2587864
2587865
2587866
2587867
2587868
2587869
2587870
2587871
2587872
2587873
2587874
2587875
2587876
2587877
2587878
2587879
2587880
2587881
2587882
2587883
2587884
2587885
2587886
2587887
2587888
2587889
2587890
2587891
2587892
2587893
2587894
2587895
2587896
2587897
2587898
2587899
2587900
2587901
2587902
2587903
2587904
2587905
2587906
2587907
2587908
2587909
2587910
2587911
2587912
2587913
2587914
2587915
2587916
2587917
2587918
2587919
2587920
2587921
2587922
2587923
2587924
2587925
2587926
2587927
2587928
2587929
2587930
2587931
2587932
2587933
2587934
2587935
2587936
2587937
2587938
2587939
2587940
2587941
2587942
2587943
2587944
2587945
2587946
2587947
2587948
2587949
2587950
2587951
2587952
2587953
2587954
2587955
2587956
2587957
2587958
2587959
2587960
2587961
2587962
2587963
2587964
2587965
2587966
2587967
2587968
2587969
2587970
2587971
2587972
2587973
2587974
2587975
2587976
2587977
2587978
2587979
2587980
2587981
2587982
2587983
2587984
2587985
2587986
2587987
2587988
2587989
2587990
2587991
2587992
2587993
2587994
2587995
2587996
2587997
2587998
2587999
2588000
2588001
2588002
2588003
2588004
2588005
2588006
2588007
2588008
2588009
2588010
2588011
2588012
2588013
2588014
2588015
2588016
2588017
2588018
2588019
2588020
2588021
2588022
2588023
2588024
2588025
2588026
2588027
2588028
2588029
2588030
2588031
2588032
2588033
2588034
2588035
2588036
2588037
2588038
2588039
2588040
2588041
2588042
2588043
2588044
2588045
2588046
2588047
2588048
2588049
2588050
2588051
2588052
2588053
2588054
2588055
2588056
2588057
2588058
2588059
2588060
2588061
2588062
2588063
2588064
2588065
2588066
2588067
2588068
2588069
2588070
2588071
2588072
2588073
2588074
2588075
2588076
2588077
2588078
2588079
2588080
2588081
2588082
2588083
2588084
2588085
2588086
2588087
2588088
2588089
2588090
2588091
2588092
2588093
2588094
2588095
2588096
2588097
2588098
2588099
2588100
2588101
2588102
2588103
2588104
2588105
2588106
2588107
2588108
2588109
2588110
2588111
2588112
2588113
2588114
2588115
2588116
2588117
2588118
2588119
2588120
2588121
2588122
2588123
2588124
2588125
2588126
2588127
2588128
2588129
2588130
2588131
2588132
2588133
2588134
2588135
2588136
2588137
2588138
2588139
2588140
2588141
2588142
2588143
2588144
2588145
2588146
2588147
2588148
2588149
2588150
2588151
2588152
2588153
2588154
2588155
2588156
2588157
2588158
2588159
2588160
2588161
2588162
2588163
2588164
2588165
2588166
2588167
2588168
2588169
2588170
2588171
2588172
2588173
2588174
2588175
2588176
2588177
2588178
2588179
2588180
2588181
2588182
2588183
2588184
2588185
2588186
2588187
2588188
2588189
2588190
2588191
2588192
2588193
2588194
2588195
2588196
2588197
2588198
2588199
2588200
2588201
2588202
2588203
2588204
2588205
2588206
2588207
2588208
2588209
2588210
2588211
2588212
2588213
2588214
2588215
2588216
2588217
2588218
2588219
2588220
2588221
2588222
2588223
2588224
2588225
2588226
2588227
2588228
2588229
2588230
2588231
2588232
2588233
2588234
2588235
2588236
2588237
2588238
2588239
2588240
2588241
2588242
2588243
2588244
2588245
2588246
2588247
2588248
2588249
2588250
2588251
2588252
2588253
2588254
2588255
2588256
2588257
2588258
2588259
2588260
2588261
2588262
2588263
2588264
2588265
2588266
2588267
2588268
2588269
2588270
2588271
2588272
2588273
2588274
2588275
2588276
2588277
2588278
2588279
2588280
2588281
2588282
2588283
2588284
2588285
2588286
2588287
2588288
2588289
2588290
2588291
2588292
2588293
2588294
2588295
2588296
2588297
2588298
2588299
2588300
2588301
2588302
2588303
2588304
2588305
2588306
2588307
2588308
2588309
2588310
2588311
2588312
2588313
2588314
2588315
2588316
2588317
2588318
2588319
2588320
2588321
2588322
2588323
2588324
2588325
2588326
2588327
2588328
2588329
2588330
2588331
2588332
2588333
2588334
2588335
2588336
2588337
2588338
2588339
2588340
2588341
2588342
2588343
2588344
2588345
2588346
2588347
2588348
2588349
2588350
2588351
2588352
2588353
2588354
2588355
2588356
2588357
2588358
2588359
2588360
2588361
2588362
2588363
2588364
2588365
2588366
2588367
2588368
2588369
2588370
2588371
2588372
2588373
2588374
2588375
2588376
2588377
2588378
2588379
2588380
2588381
2588382
2588383
2588384
2588385
2588386
2588387
2588388
2588389
2588390
2588391
2588392
2588393
2588394
2588395
2588396
2588397
2588398
2588399
2588400
2588401
2588402
2588403
2588404
2588405
2588406
2588407
2588408
2588409
2588410
2588411
2588412
2588413
2588414
2588415
2588416
2588417
2588418
2588419
2588420
2588421
2588422
2588423
2588424
2588425
2588426
2588427
2588428
2588429
2588430
2588431
2588432
2588433
2588434
2588435
2588436
2588437
2588438
2588439
2588440
2588441
2588442
2588443
2588444
2588445
2588446
2588447
2588448
2588449
2588450
2588451
2588452
2588453
2588454
2588455
2588456
2588457
2588458
2588459
2588460
2588461
2588462
2588463
2588464
2588465
2588466
2588467
2588468
2588469
2588470
2588471
2588472
2588473
2588474
2588475
2588476
2588477
2588478
2588479
2588480
2588481
2588482
2588483
2588484
2588485
2588486
2588487
2588488
2588489
2588490
2588491
2588492
2588493
2588494
2588495
2588496
2588497
2588498
2588499
2588500
2588501
2588502
2588503
2588504
2588505
2588506
2588507
2588508
2588509
2588510
2588511
2588512
2588513
2588514
2588515
2588516
2588517
2588518
2588519
2588520
2588521
2588522
2588523
2588524
2588525
2588526
2588527
2588528
2588529
2588530
2588531
2588532
2588533
2588534
2588535
2588536
2588537
2588538
2588539
2588540
2588541
2588542
2588543
2588544
2588545
2588546
2588547
2588548
2588549
2588550
2588551
2588552
2588553
2588554
2588555
2588556
2588557
2588558
2588559
2588560
2588561
2588562
2588563
2588564
2588565
2588566
2588567
2588568
2588569
2588570
2588571
2588572
2588573
2588574
2588575
2588576
2588577
2588578
2588579
2588580
2588581
2588582
2588583
2588584
2588585
2588586
2588587
2588588
2588589
2588590
2588591
2588592
2588593
2588594
2588595
2588596
2588597
2588598
2588599
2588600
2588601
2588602
2588603
2588604
2588605
2588606
2588607
2588608
2588609
2588610
2588611
2588612
2588613
2588614
2588615
2588616
2588617
2588618
2588619
2588620
2588621
2588622
2588623
2588624
2588625
2588626
2588627
2588628
2588629
2588630
2588631
2588632
2588633
2588634
2588635
2588636
2588637
2588638
2588639
2588640
2588641
2588642
2588643
2588644
2588645
2588646
2588647
2588648
2588649
2588650
2588651
2588652
2588653
2588654
2588655
2588656
2588657
2588658
2588659
2588660
2588661
2588662
2588663
2588664
2588665
2588666
2588667
2588668
2588669
2588670
2588671
2588672
2588673
2588674
2588675
2588676
2588677
2588678
2588679
2588680
2588681
2588682
2588683
2588684
2588685
2588686
2588687
2588688
2588689
2588690
2588691
2588692
2588693
2588694
2588695
2588696
2588697
2588698
2588699
2588700
2588701
2588702
2588703
2588704
2588705
2588706
2588707
2588708
2588709
2588710
2588711
2588712
2588713
2588714
2588715
2588716
2588717
2588718
2588719
2588720
2588721
2588722
2588723
2588724
2588725
2588726
2588727
2588728
2588729
2588730
2588731
2588732
2588733
2588734
2588735
2588736
2588737
2588738
2588739
2588740
2588741
2588742
2588743
2588744
2588745
2588746
2588747
2588748
2588749
2588750
2588751
2588752
2588753
2588754
2588755
2588756
2588757
2588758
2588759
2588760
2588761
2588762
2588763
2588764
2588765
2588766
2588767
2588768
2588769
2588770
2588771
2588772
2588773
2588774
2588775
2588776
2588777
2588778
2588779
2588780
2588781
2588782
2588783
2588784
2588785
2588786
2588787
2588788
2588789
2588790
2588791
2588792
2588793
2588794
2588795
2588796
2588797
2588798
2588799
2588800
2588801
2588802
2588803
2588804
2588805
2588806
2588807
2588808
2588809
2588810
2588811
2588812
2588813
2588814
2588815
2588816
2588817
2588818
2588819
2588820
2588821
2588822
2588823
2588824
2588825
2588826
2588827
2588828
2588829
2588830
2588831
2588832
2588833
2588834
2588835
2588836
2588837
2588838
2588839
2588840
2588841
2588842
2588843
2588844
2588845
2588846
2588847
2588848
2588849
2588850
2588851
2588852
2588853
2588854
2588855
2588856
2588857
2588858
2588859
2588860
2588861
2588862
2588863
2588864
2588865
2588866
2588867
2588868
2588869
2588870
2588871
2588872
2588873
2588874
2588875
2588876
2588877
2588878
2588879
2588880
2588881
2588882
2588883
2588884
2588885
2588886
2588887
2588888
2588889
2588890
2588891
2588892
2588893
2588894
2588895
2588896
2588897
2588898
2588899
2588900
2588901
2588902
2588903
2588904
2588905
2588906
2588907
2588908
2588909
2588910
2588911
2588912
2588913
2588914
2588915
2588916
2588917
2588918
2588919
2588920
2588921
2588922
2588923
2588924
2588925
2588926
2588927
2588928
2588929
2588930
2588931
2588932
2588933
2588934
2588935
2588936
2588937
2588938
2588939
2588940
2588941
2588942
2588943
2588944
2588945
2588946
2588947
2588948
2588949
2588950
2588951
2588952
2588953
2588954
2588955
2588956
2588957
2588958
2588959
2588960
2588961
2588962
2588963
2588964
2588965
2588966
2588967
2588968
2588969
2588970
2588971
2588972
2588973
2588974
2588975
2588976
2588977
2588978
2588979
2588980
2588981
2588982
2588983
2588984
2588985
2588986
2588987
2588988
2588989
2588990
2588991
2588992
2588993
2588994
2588995
2588996
2588997
2588998
2588999
2589000
2589001
2589002
2589003
2589004
2589005
2589006
2589007
2589008
2589009
2589010
2589011
2589012
2589013
2589014
2589015
2589016
2589017
2589018
2589019
2589020
2589021
2589022
2589023
2589024
2589025
2589026
2589027
2589028
2589029
2589030
2589031
2589032
2589033
2589034
2589035
2589036
2589037
2589038
2589039
2589040
2589041
2589042
2589043
2589044
2589045
2589046
2589047
2589048
2589049
2589050
2589051
2589052
