2587055
2587056
2587057
2587058
2587059
2587060
2587061
2587062
2587063
2587064
2587065
2587066
2587067
2587068
2587069
2587070
2587071
2587072
2587073
2587074
2587075
2587076
2587077
2587078
2587079
2587080
2587081
2587082
2587083
2587084
2587085
2587086
2587087
2587088
2587089
2587090
2587091
2587092
2587093
2587094
2587095
2587096
2587097
2587098
2587099
2587100
2587101
2587102
2587103
2587104
2587105
2587106
2587107
2587108
2587109
2587110
2587111
2587112
2587113
2587114
2587115
2587116
2587117
2587118
2587119
2587120
2587121
2587122
2587123
2587124
2587125
2587126
2587127
2587128
2587129
2587130
2587131
2587132
2587133
2587134
2587135
2587136
2587137
2587138
2587139
2587140
2587141
2587142
2587143
2587144
2587145
2587146
2587147
2587148
2587149
2587150
2587151
2587152
2587153
2587154
2587155
2587156
2587157
2587158
2587159
2587160
2587161
2587162
2587163
2587164
2587165
2587166
2587167
2587168
2587169
2587170
2587171
2587172
2587173
2587174
2587175
2587176
2587177
2587178
2587179
2587180
2587181
2587182
2587183
2587184
2587185
2587186
2587187
2587188
2587189
2587190
2587191
2587192
2587193
2587194
2587195
2587196
2587197
2587198
2587199
2587200
2587201
2587202
2587203
2587204
