5957578
5957579
5957580
5957581
5957582
5957583
5957584
5957585
5957586
5957587
5957588
5957589
5957590
5957591
5957592
5957593
5957594
5957595
5957596
5957597
5957598
5957599
5957600
5957601
5957602
5957603
5957604
5957605
5957606
5957607
5957608
5957609
5957610
5957611
5957612
5957613
5957614
5957615
5957616
5957617
5957618
5957619
5957620
5957621
5957622
5957623
5957624
5957625
5957626
5957627
5957628
5957629
5957630
5957631
5957632
5957633
5957634
5957635
5957636
5957637
5957638
5957639
5957640
5957641
5957642
5957643
5957644
5957645
5957646
5957647
5957648
5957649
5957650
5957651
5957652
5957653
5957654
5957655
5957656
5957657
5957658
5957659
5957660
5957661
