5085538
5085539
5085540
5085541
5085542
5085543
5085544
5085545
5085546
5085547
5085548
5085549
5085550
5085551
5085552
5085553
5085554
5085555
5085556
5085557
5085558
5085559
5085560
5085561
5085562
5085563
5085564
5085565
5085566
5085567
5085568
5085569
5085570
5085571
5085572
5085573
5085574
5085575
5085576
5085577
5085578
5085579
5085580
5085581
5085582
5085583
5085584
5085585
5085586
5085587
5085588
5085589
5085590
5085591
5085592
5085593
5085594
5085595
5085596
5085597
5085598
5085599
5085600
5085601
5085602
5085603
5085604
5085605
5085606
5085607
5085608
5085609
5085610
5085611
5085612
5085613
5085614
5085615
5085616
5085617
5085618
5085619
5085620
5085621
5085622
5085623
5085624
5085625
5085626
5085627
5085628
5085629
5085630
5085631
5085632
5085633
5085634
5085635
5085636
5085637
5085638
5085639
5085640
5085641
5085642
5085643
5085644
5085645
5085646
5085647
5085648
5085649
5085650
5085651
5085652
5085653
5085654
5085655
5085656
5085657
5085658
5085659
5085660
5085661
5085662
5085663
5085664
5085665
5085666
5085667
5085668
5085669
5085670
5085671
5085672
5085673
5085674
5085675
5085676
5085677
5085678
5085679
5085680
5085681
5085682
5085683
5085684
5085685
5085686
5085687
5085688
5085689
5085690
5085691
5085692
5085693
5085694
5085695
5085696
5085697
5085698
5085699
5085700
5085701
5085702
5085703
5085704
5085705
5085706
5085707
5085708
5085709
5085710
5085711
5085712
5085713
5085714
5085715
5085716
5085717
5085718
5085719
5085720
5085721
5085722
5085723
5085724
5085725
5085726
5085727
5085728
5085729
5085730
5085731
5085732
5085733
5085734
5085735
5085736
5085737
5085738
5085739
5085740
5085741
5085742
5085743
5085744
5085745
5085746
5085747
5085748
5085749
5085750
5085751
5085752
5085753
5085754
5085755
5085756
5085757
5085758
5085759
5085760
5085761
5085762
5085763
5085764
5085765
5085766
5085767
5085768
5085769
5085770
5085771
5085772
5085773
5085774
5085775
5085776
5085777
5085778
5085779
5085780
5085781
5085782
5085783
5085784
5085785
5085786
5085787
5085788
5085789
5085790
5085791
5085792
5085793
5085794
5085795
5085796
5085797
5085798
5085799
5085800
5085801
5085802
5085803
5085804
5085805
5085806
5085807
5085808
5085809
5085810
5085811
5085812
5085813
5085814
5085815
5085816
5085817
5085818
5085819
5085820
5085821
5085822
5085823
5085824
5085825
5085826
5085827
5085828
5085829
5085830
5085831
5085832
5085833
5085834
5085835
5085836
5085837
5085838
5085839
5085840
5085841
5085842
5085843
5085844
5085845
5085846
5085847
5085848
5085849
5085850
5085851
5085852
5085853
5085854
5085855
5085856
5085857
5085858
5085859
5085860
5085861
5085862
5085863
5085864
5085865
5085866
5085867
5085868
5085869
5085870
5085871
5085872
5085873
5085874
5085875
5085876
5085877
5085878
5085879
5085880
5085881
5085882
5085883
5085884
5085885
5085886
5085887
5085888
5085889
5085890
5085891
5085892
5085893
5085894
5085895
5085896
5085897
5085898
5085899
