5958430
5958431
5958432
5958433
5958434
5958435
5958436
5958437
5958438
5958439
5958440
5958441
5958442
5958443
5958444
5958445
5958446
5958447
5958448
5958449
5958450
5958451
5958452
5958453
5958454
5958455
5958456
5958457
5958458
5958459
5958460
5958461
5958462
5958463
5958464
5958465
5958466
5958467
5958468
5958469
5958470
5958471
5958472
5958473
5958474
5958475
5958476
5958477
5958478
5958479
5958480
5958481
5958482
5958483
5958484
5958485
5958486
5958487
5958488
5958489
5958490
5958491
5958492
5958493
5958494
5958495
5958496
5958497
5958498
5958499
