5084536
5084537
5084538
5084539
5084540
5084541
5084542
5084543
5084544
5084545
5084546
5084547
5084548
5084549
5084550
5084551
5084552
5084553
5084554
5084555
5084556
5084557
5084558
5084559
5084560
5084561
5084562
5084563
5084564
5084565
5084566
5084567
5084568
5084569
5084570
5084571
5084572
5084573
5084574
5084575
5084576
5084577
5084578
5084579
5084580
5084581
5084582
5084583
5084584
5084585
5084586
5084587
5084588
5084589
5084590
5084591
5084592
5084593
5084594
5084595
5084596
5084597
5084598
5084599
5084600
5084601
5084602
5084603
5084604
5084605
5084606
5084607
5084608
5084609
5084610
5084611
5084612
5084613
5084614
5084615
5084616
5084617
5084618
5084619
5084620
5084621
5084622
5084623
5084624
5084625
5084626
5084627
5084628
5084629
5084630
5084631
5084632
5084633
5084634
5084635
5084636
5084637
5084638
5084639
5084640
5084641
5084642
5084643
5084644
5084645
5084646
5084647
5084648
5084649
5084650
5084651
5084652
5084653
5084654
5084655
5084656
5084657
5084658
5084659
5084660
5084661
5084662
5084663
5084664
5084665
5084666
5084667
5084668
5084669
5084670
5084671
5084672
5084673
5084674
5084675
5084676
5084677
5084678
5084679
5084680
5084681
5084682
5084683
5084684
5084685
5084686
5084687
5084688
5084689
5084690
5084691
5084692
5084693
5084694
5084695
5084696
5084697
5084698
5084699
5084700
5084701
5084702
5084703
5084704
5084705
5084706
5084707
5084708
5084709
5084710
5084711
5084712
5084713
5084714
5084715
5084716
5084717
5084718
5084719
5084720
5084721
5084722
5084723
5084724
5084725
5084726
5084727
5084728
5084729
5084730
5084731
5084732
5084733
5084734
5084735
5084736
5084737
5084738
5084739
5084740
5084741
5084742
5084743
5084744
5084745
5084746
5084747
5084748
5084749
5084750
5084751
5084752
5084753
5084754
5084755
5084756
5084757
5084758
5084759
5084760
5084761
5084762
5084763
5084764
5084765
5084766
5084767
5084768
5084769
5084770
5084771
5084772
5084773
5084774
5084775
5084776
5084777
5084778
5084779
5084780
5084781
5084782
5084783
5084784
5084785
5084786
5084787
5084788
5084789
5084790
5084791
5084792
5084793
5084794
5084795
5084796
5084797
5084798
5084799
5084800
5084801
5084802
5084803
5084804
5084805
5084806
5084807
5084808
5084809
5084810
5084811
5084812
5084813
5084814
5084815
5084816
5084817
5084818
5084819
5084820
5084821
5084822
5084823
5084824
5084825
5084826
5084827
5084828
5084829
5084830
5084831
5084832
5084833
5084834
5084835
5084836
5084837
5084838
5084839
5084840
5084841
5084842
5084843
5084844
5084845
5084846
5084847
5084848
5084849
5084850
5084851
5084852
5084853
5084854
5084855
5084856
5084857
5084858
5084859
5084860
5084861
5084862
5084863
5084864
5084865
5084866
5084867
5084868
5084869
5084870
5084871
5084872
5084873
5084874
5084875
5084876
5084877
5084878
5084879
5084880
5084881
5084882
5084883
5084884
5084885
5084886
5084887
5084888
5084889
5084890
5084891
5084892
5084893
5084894
5084895
5084896
5084897
5084898
5084899
5084900
5084901
5084902
5084903
5084904
5084905
5084906
5084907
5084908
5084909
5084910
5084911
5084912
5084913
5084914
5084915
5084916
5084917
5084918
5084919
5084920
5084921
5084922
5084923
5084924
5084925
5084926
5084927
5084928
5084929
5084930
5084931
5084932
5084933
5084934
5084935
5084936
5084937
5084938
5084939
5084940
5084941
5084942
5084943
5084944
5084945
5084946
5084947
5084948
5084949
5084950
5084951
5084952
5084953
5084954
5084955
5084956
5084957
5084958
5084959
5084960
5084961
5084962
5084963
5084964
5084965
5084966
5084967
5084968
5084969
5084970
5084971
5084972
5084973
5084974
5084975
5084976
5084977
5084978
5084979
5084980
5084981
5084982
5084983
5084984
5084985
5084986
5084987
5084988
5084989
5084990
5084991
5084992
5084993
5084994
5084995
5084996
5084997
5084998
5084999
5085000
5085001
5085002
5085003
5085004
5085005
5085006
5085007
5085008
5085009
5085010
5085011
5085012
5085013
5085014
5085015
5085016
5085017
5085018
5085019
5085020
5085021
5085022
5085023
5085024
5085025
5085026
5085027
5085028
5085029
5085030
5085031
5085032
5085033
5085034
5085035
5085036
5085037
5085038
5085039
5085040
5085041
5085042
5085043
5085044
5085045
5085046
5085047
5085048
5085049
5085050
5085051
5085052
5085053
5085054
5085055
5085056
5085057
5085058
5085059
5085060
5085061
5085062
5085063
5085064
5085065
5085066
5085067
5085068
5085069
5085070
5085071
5085072
5085073
5085074
5085075
5085076
5085077
5085078
5085079
5085080
5085081
5085082
5085083
5085084
5085085
5085086
5085087
5085088
5085089
5085090
5085091
5085092
5085093
5085094
5085095
5085096
5085097
5085098
5085099
5085100
5085101
5085102
5085103
5085104
5085105
5085106
5085107
5085108
5085109
5085110
5085111
5085112
5085113
5085114
5085115
5085116
5085117
5085118
5085119
5085120
5085121
5085122
5085123
5085124
5085125
5085126
5085127
5085128
5085129
5085130
5085131
5085132
5085133
5085134
5085135
5085136
5085137
5085138
5085139
5085140
5085141
5085142
5085143
5085144
5085145
5085146
5085147
5085148
5085149
5085150
5085151
5085152
5085153
5085154
5085155
5085156
5085157
5085158
5085159
5085160
5085161
5085162
5085163
5085164
5085165
5085166
5085167
5085168
5085169
5085170
5085171
5085172
5085173
5085174
5085175
5085176
5085177
5085178
5085179
5085180
5085181
5085182
5085183
5085184
5085185
5085186
5085187
5085188
5085189
5085190
5085191
5085192
5085193
5085194
5085195
5085196
5085197
5085198
5085199
5085200
5085201
5085202
5085203
5085204
5085205
5085206
5085207
5085208
5085209
5085210
5085211
5085212
5085213
5085214
5085215
5085216
5085217
5085218
5085219
5085220
5085221
5085222
5085223
5085224
5085225
5085226
5085227
5085228
5085229
5085230
5085231
5085232
5085233
5085234
5085235
5085236
5085237
5085238
5085239
5085240
5085241
5085242
5085243
5085244
5085245
5085246
5085247
5085248
5085249
5085250
5085251
5085252
5085253
5085254
5085255
5085256
5085257
5085258
5085259
5085260
5085261
5085262
5085263
5085264
5085265
5085266
5085267
5085268
5085269
5085270
5085271
5085272
5085273
5085274
5085275
5085276
5085277
5085278
5085279
5085280
5085281
5085282
5085283
5085284
5085285
5085286
5085287
5085288
5085289
5085290
5085291
5085292
5085293
5085294
5085295
5085296
5085297
5085298
5085299
5085300
5085301
5085302
5085303
5085304
5085305
5085306
5085307
5085308
5085309
5085310
5085311
5085312
5085313
5085314
5085315
5085316
5085317
5085318
5085319
5085320
5085321
5085322
5085323
5085324
5085325
5085326
5085327
5085328
5085329
5085330
5085331
5085332
5085333
5085334
5085335
5085336
5085337
5085338
5085339
5085340
5085341
5085342
5085343
5085344
5085345
5085346
5085347
5085348
5085349
5085350
5085351
5085352
5085353
5085354
5085355
5085356
5085357
5085358
5085359
5085360
5085361
5085362
5085363
5085364
5085365
5085366
5085367
5085368
5085369
5085370
5085371
5085372
5085373
5085374
5085375
5085376
5085377
5085378
5085379
5085380
5085381
5085382
5085383
5085384
5085385
5085386
5085387
5085388
5085389
5085390
5085391
5085392
5085393
5085394
5085395
5085396
5085397
5085398
5085399
5085400
5085401
5085402
5085403
5085404
5085405
5085406
5085407
5085408
5085409
5085410
5085411
5085412
5085413
5085414
5085415
5085416
5085417
5085418
5085419
5085420
5085421
5085422
5085423
5085424
5085425
5085426
5085427
5085428
5085429
5085430
5085431
5085432
5085433
5085434
5085435
5085436
5085437
5085438
5085439
5085440
5085441
5085442
5085443
5085444
5085445
5085446
5085447
5085448
5085449
5085450
5085451
5085452
5085453
5085454
5085455
5085456
5085457
5085458
5085459
5085460
5085461
5085462
5085463
5085464
5085465
5085466
5085467
5085468
5085469
5085470
5085471
5085472
5085473
5085474
5085475
5085476
5085477
5085478
5085479
5085480
5085481
5085482
5085483
5085484
5085485
5085486
5085487
5085488
5085489
5085490
5085491
5085492
5085493
5085494
5085495
5085496
5085497
5085498
5085499
5085500
5085501
5085502
5085503
5085504
5085505
5085506
5085507
5085508
5085509
5085510
5085511
5085512
5085513
5085514
5085515
5085516
5085517
5085518
5085519
5085520
5085521
5085522
5085523
5085524
5085525
5085526
5085527
5085528
5085529
5085530
5085531
5085532
5085533
5085534
5085535
5085536
5085537
