5957662
5957663
5957664
5957665
5957666
5957667
5957668
5957669
5957670
5957671
5957672
5957673
5957674
5957675
5957676
5957677
5957678
5957679
5957680
5957681
5957682
5957683
5957684
5957685
5957686
5957687
5957688
5957689
5957690
5957691
5957692
5957693
5957694
5957695
5957696
5957697
5957698
5957699
5957700
5957701
5957702
5957703
5957704
5957705
5957706
5957707
5957708
5957709
5957710
5957711
5957712
5957713
5957714
5957715
5957716
5957717
5957718
5957719
5957720
5957721
5957722
5957723
5957724
5957725
5957726
5957727
5957728
5957729
5957730
5957731
5957732
5957733
5957734
5957735
5957736
5957737
5957738
5957739
5957740
5957741
5957742
5957743
5957744
5957745
5957746
5957747
5957748
5957749
5957750
5957751
5957752
5957753
5957754
5957755
5957756
5957757
5957758
5957759
5957760
5957761
5957762
5957763
5957764
5957765
5957766
5957767
5957768
5957769
5957770
5957771
5957772
5957773
5957774
5957775
5957776
5957777
5957778
5957779
5957780
5957781
5957782
5957783
5957784
5957785
5957786
5957787
5957788
5957789
5957790
5957791
5957792
5957793
5957794
5957795
5957796
5957797
5957798
5957799
5957800
5957801
5957802
5957803
5957804
5957805
5957806
5957807
5957808
5957809
5957810
5957811
5957812
5957813
5957814
5957815
5957816
5957817
5957818
5957819
5957820
5957821
5957822
5957823
5957824
5957825
5957826
5957827
5957828
5957829
5957830
5957831
5957832
5957833
5957834
5957835
5957836
5957837
5957838
5957839
5957840
5957841
5957842
5957843
5957844
5957845
5957846
5957847
5957848
5957849
5957850
5957851
5957852
5957853
5957854
5957855
5957856
5957857
5957858
5957859
5957860
5957861
5957862
5957863
5957864
5957865
5957866
5957867
5957868
5957869
5957870
5957871
5957872
5957873
5957874
5957875
5957876
5957877
5957878
5957879
5957880
5957881
5957882
5957883
5957884
5957885
5957886
5957887
5957888
5957889
5957890
5957891
5957892
5957893
5957894
5957895
5957896
5957897
5957898
5957899
5957900
5957901
5957902
5957903
5957904
5957905
5957906
5957907
5957908
5957909
5957910
5957911
5957912
5957913
5957914
5957915
5957916
5957917
5957918
5957919
5957920
5957921
5957922
5957923
5957924
5957925
5957926
5957927
5957928
5957929
5957930
5957931
5957932
5957933
5957934
5957935
5957936
5957937
5957938
5957939
5957940
5957941
5957942
5957943
5957944
5957945
5957946
5957947
5957948
5957949
5957950
5957951
5957952
5957953
5957954
5957955
5957956
5957957
5957958
5957959
5957960
5957961
5957962
5957963
5957964
5957965
5957966
5957967
5957968
5957969
5957970
5957971
5957972
5957973
5957974
5957975
5957976
5957977
5957978
5957979
5957980
5957981
5957982
5957983
5957984
5957985
5957986
5957987
5957988
5957989
5957990
5957991
5957992
5957993
5957994
5957995
5957996
5957997
5957998
5957999
5958000
5958001
5958002
5958003
5958004
5958005
5958006
5958007
5958008
5958009
5958010
5958011
5958012
5958013
5958014
5958015
5958016
5958017
5958018
5958019
5958020
5958021
5958022
5958023
5958024
5958025
5958026
5958027
5958028
5958029
5958030
5958031
5958032
5958033
5958034
5958035
5958036
5958037
5958038
5958039
5958040
5958041
5958042
5958043
5958044
5958045
5958046
5958047
5958048
5958049
5958050
5958051
5958052
5958053
5958054
5958055
5958056
5958057
5958058
5958059
5958060
5958061
5958062
5958063
5958064
5958065
5958066
5958067
5958068
5958069
5958070
5958071
5958072
5958073
5958074
5958075
5958076
5958077
5958078
5958079
5958080
5958081
5958082
5958083
5958084
5958085
5958086
5958087
5958088
5958089
5958090
5958091
5958092
5958093
5958094
5958095
5958096
5958097
5958098
5958099
5958100
5958101
5958102
5958103
5958104
5958105
5958106
5958107
5958108
5958109
5958110
5958111
5958112
5958113
5958114
5958115
5958116
5958117
5958118
5958119
5958120
5958121
5958122
5958123
5958124
5958125
5958126
5958127
5958128
5958129
5958130
5958131
5958132
5958133
5958134
5958135
5958136
5958137
5958138
5958139
5958140
5958141
5958142
5958143
5958144
5958145
5958146
5958147
5958148
5958149
5958150
5958151
5958152
5958153
5958154
5958155
5958156
5958157
5958158
5958159
5958160
5958161
5958162
5958163
5958164
5958165
5958166
5958167
5958168
5958169
5958170
5958171
5958172
5958173
5958174
5958175
5958176
5958177
5958178
5958179
5958180
5958181
5958182
5958183
5958184
5958185
5958186
5958187
5958188
5958189
5958190
5958191
5958192
5958193
5958194
5958195
5958196
5958197
5958198
5958199
5958200
5958201
5958202
5958203
5958204
5958205
5958206
5958207
5958208
5958209
5958210
5958211
5958212
5958213
5958214
5958215
5958216
5958217
5958218
5958219
5958220
5958221
5958222
5958223
5958224
5958225
5958226
5958227
5958228
5958229
5958230
5958231
5958232
5958233
5958234
5958235
5958236
5958237
5958238
5958239
5958240
5958241
5958242
5958243
5958244
5958245
5958246
5958247
5958248
5958249
5958250
5958251
5958252
5958253
5958254
5958255
5958256
5958257
5958258
5958259
5958260
5958261
5958262
5958263
5958264
5958265
5958266
5958267
5958268
5958269
5958270
5958271
5958272
5958273
5958274
5958275
5958276
5958277
5958278
5958279
5958280
5958281
5958282
5958283
5958284
5958285
5958286
5958287
5958288
5958289
5958290
5958291
5958292
5958293
5958294
5958295
5958296
5958297
5958298
5958299
5958300
5958301
5958302
5958303
5958304
5958305
5958306
5958307
5958308
5958309
5958310
5958311
5958312
5958313
5958314
5958315
5958316
5958317
5958318
5958319
5958320
5958321
5958322
5958323
5958324
5958325
5958326
5958327
5958328
5958329
5958330
5958331
5958332
5958333
5958334
5958335
5958336
5958337
5958338
5958339
5958340
5958341
5958342
5958343
5958344
5958345
5958346
5958347
5958348
5958349
5958350
5958351
5958352
5958353
5958354
5958355
5958356
5958357
5958358
5958359
5958360
5958361
5958362
5958363
5958364
5958365
5958366
5958367
5958368
5958369
5958370
5958371
5958372
5958373
5958374
5958375
5958376
5958377
5958378
5958379
5958380
5958381
5958382
5958383
5958384
5958385
5958386
5958387
5958388
5958389
5958390
5958391
5958392
5958393
5958394
5958395
5958396
5958397
5958398
5958399
5958400
5958401
5958402
5958403
5958404
5958405
5958406
5958407
5958408
5958409
5958410
5958411
5958412
5958413
5958414
5958415
5958416
5958417
5958418
5958419
5958420
5958421
5958422
5958423
5958424
5958425
5958426
5958427
5958428
5958429
