5501402
5501403
5501404
5501405
5501406
5501407
5501408
5501409
5501410
5501411
5501412
5501413
5501414
5501415
5501416
5501417
5501418
5501419
5501420
5501421
5501422
5501423
5501424
5501425
5501426
5501427
5501428
5501429
5501430
5501431
5501432
5501433
5501434
5501435
5501436
5501437
5501438
5501439
5501440
5501441
5501442
5501443
5501444
5501445
5501446
5501447
5501448
5501449
5501450
5501451
5501452
5501453
5501454
5501455
5501456
5501457
5501458
5501459
5501460
5501461
5501462
5501463
5501464
5501465
5501466
5501467
5501468
5501469
5501470
5501471
5501472
5501473
5501474
5501475
5501476
5501477
5501478
5501479
5501480
5501481
5501482
5501483
5501484
5501485
5501486
5501487
5501488
5501489
5501490
5501491
5501492
5501493
5501494
5501495
5501496
5501497
5501498
5501499
5501500
5501501
5501502
5501503
5501504
5501505
5501506
5501507
5501508
5501509
5501510
5501511
5501512
5501513
5501514
5501515
5501516
5501517
5501518
5501519
5501520
5501521
5501522
5501523
5501524
5501525
5501526
5501527
5501528
5501529
5501530
5501531
5501532
5501533
5501534
5501535
5501536
5501537
5501538
5501539
5501540
5501541
5501542
5501543
5501544
5501545
5501546
5501547
5501548
5501549
5501550
5501551
5501552
5501553
5501554
5501555
5501556
5501557
5501558
5501559
5501560
5501561
5501562
5501563
5501564
5501565
5501566
5501567
5501568
5501569
5501570
5501571
5501572
5501573
5501574
5501575
5501576
5501577
5501578
5501579
5501580
5501581
5501582
5501583
5501584
5501585
5501586
5501587
5501588
5501589
5501590
5501591
5501592
5501593
5501594
5501595
5501596
5501597
5501598
5501599
5501600
5501601
5501602
5501603
5501604
5501605
5501606
5501607
5501608
5501609
5501610
5501611
5501612
5501613
5501614
5501615
5501616
5501617
5501618
5501619
5501620
5501621
5501622
5501623
5501624
5501625
5501626
5501627
5501628
5501629
5501630
5501631
5501632
5501633
5501634
5501635
5501636
5501637
5501638
5501639
5501640
5501641
5501642
5501643
5501644
5501645
5501646
5501647
5501648
5501649
5501650
5501651
5501652
5501653
5501654
5501655
5501656
5501657
5501658
5501659
5501660
5501661
5501662
5501663
5501664
5501665
5501666
5501667
5501668
5501669
5501670
5501671
5501672
5501673
5501674
5501675
5501676
5501677
5501678
5501679
5501680
5501681
5501682
5501683
5501684
5501685
5501686
5501687
5501688
5501689
5501690
5501691
5501692
5501693
5501694
5501695
5501696
5501697
5501698
5501699
5501700
5501701
5501702
5501703
5501704
5501705
5501706
5501707
5501708
5501709
5501710
5501711
5501712
5501713
5501714
5501715
5501716
5501717
5501718
5501719
5501720
5501721
5501722
5501723
5501724
5501725
5501726
5501727
5501728
5501729
5501730
5501731
5501732
5501733
5501734
5501735
5501736
5501737
5501738
5501739
5501740
5501741
5501742
5501743
5501744
5501745
5501746
5501747
5501748
5501749
5501750
5501751
5501752
5501753
5501754
5501755
5501756
5501757
5501758
5501759
5501760
5501761
5501762
5501763
5501764
5501765
5501766
5501767
5501768
5501769
5501770
5501771
5501772
5501773
5501774
5501775
5501776
5501777
5501778
5501779
5501780
5501781
5501782
5501783
5501784
5501785
5501786
5501787
5501788
5501789
5501790
5501791
5501792
5501793
5501794
5501795
5501796
5501797
5501798
5501799
5501800
5501801
5501802
5501803
5501804
5501805
5501806
5501807
5501808
5501809
5501810
5501811
5501812
5501813
5501814
5501815
5501816
5501817
5501818
5501819
5501820
5501821
5501822
5501823
5501824
5501825
5501826
5501827
5501828
5501829
5501830
5501831
5501832
5501833
5501834
5501835
5501836
5501837
5501838
5501839
5501840
5501841
5501842
5501843
5501844
5501845
5501846
5501847
5501848
5501849
5501850
5501851
5501852
5501853
5501854
5501855
5501856
5501857
5501858
5501859
5501860
5501861
5501862
5501863
5501864
5501865
5501866
5501867
5501868
5501869
5501870
5501871
5501872
5501873
5501874
5501875
5501876
5501877
5501878
5501879
5501880
5501881
5501882
5501883
5501884
5501885
5501886
5501887
5501888
5501889
5501890
5501891
5501892
5501893
5501894
5501895
5501896
5501897
5501898
5501899
5501900
5501901
5501902
5501903
5501904
5501905
5501906
5501907
5501908
5501909
5501910
5501911
5501912
5501913
5501914
5501915
5501916
5501917
5501918
5501919
5501920
5501921
5501922
5501923
