2138315
2138316
2138317
2138318
2138319
2138320
2138321
2138322
2138323
2138324
2138325
2138326
2138327
2138328
2138329
2138330
2138331
2138332
2138333
2138334
2138335
2138336
2138337
2138338
2138339
2138340
2138341
2138342
2138343
2138344
2138345
2138346
2138347
2138348
2138349
2138350
2138351
2138352
2138353
2138354
2138355
2138356
2138357
2138358
2138359
2138360
2138361
2138362
2138363
2138364
2138365
2138366
2138367
2138368
2138369
2138370
2138371
2138372
2138373
2138374
2138375
2138376
2138377
2138378
2138379
2138380
2138381
2138382
2138383
2138384
2138385
2138386
2138387
2138388
2138389
2138390
2138391
2138392
2138393
2138394
2138395
2138396
2138397
2138398
2138399
2138400
2138401
2138402
2138403
2138404
2138405
2138406
2138407
2138408
2138409
2138410
2138411
2138412
2138413
2138414
2138415
2138416
2138417
2138418
2138419
2138420
2138421
2138422
2138423
2138424
2138425
2138426
2138427
2138428
2138429
2138430
2138431
2138432
2138433
2138434
2138435
2138436
2138437
2138438
2138439
2138440
2138441
2138442
2138443
2138444
2138445
2138446
2138447
2138448
2138449
2138450
2138451
2138452
2138453
2138454
2138455
2138456
2138457
2138458
2138459
2138460
2138461
2138462
2138463
2138464
2138465
2138466
2138467
2138468
2138469
2138470
2138471
2138472
2138473
2138474
2138475
2138476
2138477
2138478
2138479
2138480
2138481
2138482
2138483
2138484
2138485
2138486
2138487
2138488
2138489
2138490
2138491
2138492
2138493
2138494
2138495
2138496
2138497
2138498
2138499
2138500
2138501
