2135468
2135469
2135470
2135471
2135472
2135473
2135474
2135475
2135476
2135477
2135478
2135479
2135480
2135481
2135482
2135483
2135484
2135485
2135486
2135487
2135488
2135489
2135490
2135491
2135492
2135493
2135494
2135495
2135496
2135497
2135498
2135499
2135500
2135501
2135502
2135503
2135504
2135505
2135506
2135507
2135508
2135509
2135510
2135511
2135512
2135513
2135514
2135515
2135516
2135517
2135518
2135519
2135520
2135521
2135522
2135523
2135524
2135525
2135526
2135527
2135528
2135529
2135530
2135531
2135532
2135533
2135534
2135535
2135536
2135537
2135538
2135539
2135540
2135541
2135542
2135543
2135544
2135545
2135546
2135547
2135548
2135549
2135550
2135551
2135552
2135553
2135554
2135555
2135556
2135557
2135558
2135559
2135560
2135561
2135562
2135563
2135564
2135565
2135566
2135567
2135568
2135569
2135570
2135571
2135572
2135573
2135574
2135575
2135576
2135577
2135578
2135579
2135580
2135581
2135582
2135583
2135584
2135585
2135586
2135587
2135588
2135589
2135590
2135591
2135592
2135593
2135594
2135595
2135596
2135597
2135598
2135599
2135600
2135601
2135602
2135603
2135604
2135605
2135606
2135607
2135608
2135609
2135610
2135611
2135612
2135613
2135614
2135615
2135616
2135617
2135618
2135619
2135620
2135621
2135622
2135623
2135624
2135625
2135626
2135627
2135628
2135629
2135630
2135631
2135632
2135633
2135634
2135635
2135636
2135637
2135638
2135639
2135640
2135641
2135642
2135643
2135644
2135645
2135646
2135647
2135648
2135649
2135650
2135651
2135652
2135653
2135654
2135655
2135656
2135657
2135658
2135659
2135660
2135661
2135662
2135663
2135664
2135665
2135666
2135667
2135668
2135669
2135670
2135671
2135672
2135673
2135674
2135675
2135676
2135677
2135678
2135679
2135680
2135681
2135682
2135683
2135684
2135685
2135686
2135687
2135688
2135689
2135690
2135691
2135692
2135693
2135694
2135695
2135696
2135697
2135698
2135699
2135700
2135701
2135702
2135703
2135704
2135705
2135706
2135707
2135708
2135709
2135710
2135711
2135712
2135713
2135714
2135715
2135716
2135717
2135718
2135719
2135720
2135721
2135722
2135723
2135724
2135725
2135726
2135727
2135728
2135729
2135730
2135731
2135732
2135733
2135734
2135735
2135736
2135737
2135738
2135739
2135740
2135741
2135742
2135743
2135744
2135745
2135746
2135747
2135748
2135749
2135750
2135751
2135752
2135753
2135754
2135755
2135756
2135757
2135758
2135759
2135760
2135761
2135762
2135763
2135764
2135765
2135766
2135767
2135768
2135769
2135770
2135771
2135772
2135773
2135774
2135775
2135776
2135777
2135778
2135779
2135780
2135781
2135782
2135783
2135784
2135785
2135786
2135787
2135788
2135789
2135790
2135791
2135792
2135793
2135794
2135795
2135796
2135797
2135798
2135799
2135800
2135801
2135802
2135803
2135804
2135805
2135806
2135807
2135808
2135809
2135810
2135811
2135812
2135813
2135814
2135815
2135816
2135817
2135818
2135819
2135820
2135821
2135822
2135823
2135824
2135825
2135826
2135827
2135828
2135829
2135830
2135831
2135832
2135833
2135834
2135835
2135836
2135837
2135838
2135839
2135840
2135841
2135842
2135843
2135844
2135845
2135846
2135847
2135848
2135849
2135850
2135851
2135852
2135853
2135854
2135855
2135856
2135857
2135858
2135859
2135860
2135861
2135862
2135863
2135864
2135865
2135866
2135867
2135868
2135869
2135870
2135871
2135872
2135873
2135874
2135875
2135876
2135877
2135878
2135879
2135880
2135881
2135882
2135883
2135884
2135885
2135886
2135887
2135888
2135889
2135890
2135891
2135892
2135893
2135894
2135895
2135896
2135897
2135898
2135899
2135900
2135901
2135902
2135903
2135904
2135905
2135906
2135907
2135908
2135909
2135910
2135911
2135912
2135913
2135914
2135915
2135916
2135917
2135918
2135919
2135920
2135921
2135922
2135923
2135924
2135925
2135926
2135927
2135928
2135929
2135930
2135931
2135932
2135933
2135934
2135935
2135936
2135937
2135938
2135939
2135940
2135941
2135942
2135943
2135944
2135945
2135946
2135947
2135948
2135949
2135950
2135951
2135952
2135953
2135954
2135955
2135956
2135957
2135958
2135959
2135960
2135961
2135962
2135963
2135964
2135965
2135966
2135967
2135968
2135969
2135970
2135971
2135972
2135973
2135974
2135975
2135976
2135977
2135978
2135979
2135980
2135981
2135982
2135983
2135984
2135985
2135986
2135987
2135988
2135989
2135990
2135991
2135992
2135993
2135994
2135995
2135996
2135997
2135998
2135999
2136000
2136001
2136002
2136003
2136004
2136005
2136006
2136007
2136008
2136009
2136010
2136011
2136012
2136013
2136014
2136015
2136016
2136017
2136018
2136019
2136020
2136021
2136022
2136023
2136024
2136025
2136026
2136027
2136028
2136029
2136030
2136031
2136032
2136033
2136034
2136035
2136036
2136037
2136038
2136039
2136040
2136041
2136042
2136043
2136044
2136045
2136046
2136047
2136048
2136049
2136050
2136051
2136052
2136053
2136054
2136055
2136056
2136057
2136058
2136059
2136060
2136061
2136062
2136063
2136064
2136065
2136066
2136067
2136068
2136069
2136070
2136071
2136072
2136073
2136074
2136075
2136076
2136077
2136078
2136079
2136080
2136081
2136082
2136083
2136084
2136085
2136086
2136087
2136088
2136089
2136090
2136091
2136092
2136093
2136094
2136095
2136096
2136097
2136098
2136099
2136100
2136101
2136102
2136103
2136104
2136105
2136106
2136107
2136108
2136109
2136110
2136111
2136112
2136113
2136114
2136115
2136116
2136117
2136118
2136119
2136120
2136121
2136122
2136123
2136124
2136125
2136126
2136127
2136128
2136129
2136130
2136131
2136132
2136133
2136134
2136135
2136136
2136137
2136138
2136139
2136140
2136141
2136142
2136143
2136144
2136145
2136146
2136147
2136148
2136149
2136150
2136151
2136152
2136153
2136154
2136155
2136156
2136157
2136158
2136159
2136160
2136161
2136162
2136163
2136164
2136165
2136166
2136167
2136168
2136169
2136170
2136171
2136172
2136173
2136174
2136175
2136176
2136177
2136178
2136179
2136180
2136181
2136182
2136183
2136184
2136185
2136186
2136187
2136188
2136189
2136190
2136191
2136192
2136193
2136194
2136195
2136196
2136197
2136198
2136199
2136200
2136201
2136202
2136203
2136204
2136205
2136206
2136207
2136208
2136209
2136210
2136211
2136212
2136213
2136214
2136215
2136216
2136217
2136218
2136219
2136220
2136221
2136222
2136223
2136224
2136225
2136226
2136227
2136228
2136229
2136230
2136231
2136232
2136233
2136234
2136235
2136236
2136237
2136238
2136239
2136240
2136241
2136242
2136243
2136244
2136245
2136246
2136247
2136248
2136249
2136250
2136251
2136252
2136253
2136254
2136255
2136256
2136257
2136258
2136259
2136260
2136261
2136262
2136263
2136264
2136265
2136266
2136267
2136268
2136269
2136270
2136271
2136272
2136273
2136274
2136275
2136276
2136277
2136278
2136279
2136280
2136281
2136282
2136283
2136284
2136285
2136286
2136287
2136288
2136289
2136290
2136291
2136292
2136293
2136294
2136295
2136296
2136297
2136298
2136299
2136300
2136301
2136302
2136303
2136304
2136305
2136306
2136307
2136308
2136309
2136310
2136311
2136312
2136313
2136314
2136315
2136316
2136317
2136318
2136319
2136320
2136321
2136322
2136323
2136324
2136325
2136326
2136327
2136328
2136329
2136330
2136331
2136332
2136333
2136334
2136335
2136336
2136337
2136338
2136339
2136340
2136341
2136342
2136343
2136344
2136345
2136346
2136347
2136348
2136349
2136350
2136351
2136352
2136353
2136354
2136355
2136356
2136357
2136358
2136359
2136360
2136361
2136362
2136363
2136364
2136365
2136366
2136367
2136368
2136369
2136370
2136371
2136372
2136373
2136374
2136375
2136376
2136377
2136378
2136379
2136380
2136381
2136382
2136383
2136384
2136385
2136386
2136387
2136388
2136389
2136390
2136391
2136392
2136393
2136394
2136395
2136396
2136397
2136398
2136399
2136400
2136401
2136402
2136403
2136404
2136405
2136406
2136407
2136408
2136409
2136410
2136411
2136412
2136413
2136414
2136415
2136416
2136417
2136418
2136419
2136420
2136421
2136422
2136423
2136424
2136425
2136426
2136427
2136428
2136429
2136430
2136431
2136432
2136433
2136434
2136435
2136436
2136437
2136438
2136439
2136440
2136441
2136442
2136443
2136444
2136445
2136446
2136447
2136448
2136449
2136450
2136451
2136452
2136453
2136454
2136455
2136456
2136457
2136458
2136459
2136460
2136461
2136462
2136463
2136464
2136465
2136466
2136467
2136468
2136469
2136470
2136471
2136472
2136473
2136474
2136475
2136476
2136477
2136478
2136479
2136480
2136481
2136482
2136483
2136484
2136485
2136486
2136487
2136488
2136489
2136490
2136491
2136492
2136493
2136494
2136495
2136496
2136497
2136498
2136499
2136500
2136501
2136502
2136503
2136504
2136505
2136506
2136507
2136508
2136509
2136510
2136511
2136512
2136513
2136514
2136515
2136516
2136517
2136518
2136519
2136520
2136521
2136522
2136523
2136524
2136525
2136526
2136527
2136528
2136529
2136530
2136531
2136532
2136533
2136534
2136535
2136536
2136537
2136538
2136539
2136540
2136541
2136542
2136543
2136544
2136545
2136546
2136547
2136548
2136549
2136550
2136551
2136552
2136553
2136554
2136555
2136556
2136557
2136558
2136559
2136560
2136561
2136562
2136563
2136564
2136565
2136566
2136567
2136568
2136569
2136570
2136571
2136572
2136573
2136574
2136575
2136576
2136577
2136578
2136579
2136580
2136581
2136582
2136583
2136584
2136585
2136586
2136587
2136588
2136589
2136590
2136591
2136592
2136593
2136594
2136595
2136596
2136597
2136598
2136599
2136600
2136601
2136602
2136603
2136604
2136605
2136606
2136607
2136608
2136609
2136610
2136611
2136612
2136613
2136614
2136615
2136616
2136617
2136618
2136619
2136620
2136621
2136622
2136623
2136624
2136625
2136626
2136627
2136628
2136629
2136630
2136631
2136632
2136633
2136634
2136635
2136636
2136637
2136638
2136639
2136640
2136641
2136642
2136643
2136644
2136645
2136646
2136647
2136648
2136649
2136650
2136651
2136652
2136653
2136654
2136655
2136656
2136657
2136658
2136659
2136660
2136661
2136662
2136663
2136664
2136665
2136666
2136667
2136668
2136669
2136670
2136671
2136672
2136673
2136674
2136675
2136676
2136677
2136678
2136679
2136680
2136681
2136682
2136683
2136684
2136685
2136686
2136687
2136688
2136689
2136690
2136691
2136692
2136693
2136694
2136695
2136696
2136697
2136698
2136699
2136700
2136701
2136702
2136703
2136704
2136705
2136706
2136707
2136708
2136709
2136710
2136711
2136712
2136713
2136714
2136715
2136716
2136717
2136718
2136719
2136720
2136721
2136722
2136723
2136724
2136725
2136726
2136727
2136728
2136729
2136730
2136731
2136732
2136733
2136734
2136735
2136736
2136737
2136738
2136739
2136740
2136741
2136742
2136743
2136744
2136745
2136746
2136747
2136748
2136749
2136750
2136751
2136752
2136753
2136754
2136755
2136756
2136757
2136758
2136759
2136760
2136761
2136762
2136763
2136764
2136765
2136766
2136767
2136768
2136769
2136770
2136771
2136772
2136773
2136774
2136775
2136776
2136777
2136778
2136779
2136780
2136781
2136782
2136783
2136784
2136785
2136786
2136787
2136788
2136789
2136790
2136791
2136792
2136793
2136794
2136795
2136796
2136797
2136798
2136799
2136800
2136801
2136802
2136803
2136804
2136805
2136806
2136807
2136808
2136809
2136810
2136811
2136812
2136813
2136814
2136815
2136816
2136817
2136818
2136819
2136820
2136821
2136822
2136823
2136824
2136825
2136826
2136827
2136828
2136829
2136830
2136831
2136832
2136833
2136834
2136835
2136836
2136837
2136838
2136839
2136840
2136841
2136842
2136843
2136844
2136845
2136846
2136847
2136848
2136849
2136850
2136851
2136852
2136853
2136854
2136855
2136856
2136857
2136858
2136859
2136860
2136861
2136862
2136863
2136864
2136865
2136866
2136867
2136868
2136869
2136870
2136871
2136872
2136873
2136874
2136875
2136876
2136877
2136878
2136879
2136880
2136881
2136882
2136883
2136884
2136885
2136886
2136887
2136888
2136889
2136890
2136891
2136892
2136893
2136894
2136895
2136896
2136897
2136898
2136899
2136900
2136901
2136902
2136903
2136904
2136905
2136906
2136907
2136908
2136909
2136910
2136911
2136912
2136913
2136914
2136915
2136916
2136917
2136918
2136919
2136920
2136921
2136922
2136923
2136924
2136925
2136926
2136927
2136928
2136929
2136930
2136931
2136932
2136933
2136934
2136935
2136936
2136937
2136938
2136939
2136940
2136941
2136942
2136943
2136944
2136945
2136946
2136947
2136948
2136949
2136950
2136951
2136952
2136953
2136954
2136955
2136956
2136957
2136958
2136959
2136960
2136961
2136962
2136963
2136964
2136965
2136966
2136967
2136968
2136969
2136970
2136971
2136972
2136973
2136974
2136975
2136976
2136977
2136978
2136979
2136980
2136981
2136982
2136983
2136984
2136985
2136986
2136987
2136988
2136989
2136990
2136991
2136992
2136993
2136994
2136995
2136996
2136997
2136998
2136999
2137000
2137001
2137002
2137003
2137004
2137005
2137006
2137007
2137008
2137009
2137010
2137011
2137012
2137013
2137014
2137015
2137016
2137017
2137018
2137019
2137020
2137021
2137022
2137023
2137024
2137025
2137026
2137027
2137028
2137029
2137030
2137031
2137032
2137033
2137034
2137035
2137036
2137037
2137038
2137039
2137040
2137041
2137042
2137043
2137044
2137045
2137046
2137047
2137048
2137049
2137050
2137051
2137052
2137053
2137054
2137055
2137056
2137057
2137058
2137059
2137060
2137061
2137062
2137063
2137064
2137065
2137066
2137067
2137068
2137069
2137070
2137071
2137072
2137073
2137074
2137075
2137076
2137077
2137078
2137079
2137080
2137081
2137082
2137083
2137084
2137085
2137086
2137087
2137088
2137089
2137090
2137091
2137092
2137093
2137094
2137095
2137096
2137097
2137098
2137099
2137100
2137101
2137102
2137103
2137104
2137105
2137106
2137107
2137108
2137109
2137110
2137111
2137112
2137113
2137114
2137115
2137116
2137117
2137118
2137119
2137120
2137121
2137122
2137123
2137124
2137125
2137126
2137127
2137128
2137129
2137130
2137131
2137132
2137133
2137134
2137135
2137136
2137137
2137138
2137139
2137140
2137141
2137142
2137143
2137144
2137145
2137146
2137147
2137148
2137149
2137150
2137151
2137152
2137153
2137154
2137155
2137156
2137157
2137158
2137159
2137160
2137161
2137162
2137163
2137164
2137165
2137166
2137167
2137168
2137169
2137170
2137171
2137172
2137173
2137174
2137175
2137176
2137177
2137178
2137179
2137180
2137181
2137182
2137183
2137184
2137185
2137186
2137187
2137188
2137189
2137190
2137191
2137192
2137193
2137194
2137195
2137196
2137197
2137198
2137199
2137200
2137201
2137202
2137203
2137204
2137205
2137206
2137207
2137208
2137209
2137210
2137211
2137212
2137213
2137214
2137215
2137216
2137217
2137218
2137219
2137220
2137221
2137222
2137223
2137224
2137225
2137226
2137227
2137228
2137229
2137230
2137231
2137232
2137233
2137234
2137235
2137236
2137237
2137238
2137239
2137240
2137241
2137242
2137243
2137244
2137245
2137246
2137247
2137248
2137249
2137250
2137251
2137252
2137253
2137254
2137255
2137256
2137257
2137258
2137259
2137260
2137261
2137262
2137263
2137264
2137265
2137266
2137267
2137268
2137269
2137270
2137271
2137272
2137273
2137274
2137275
2137276
2137277
2137278
2137279
2137280
2137281
2137282
2137283
2137284
2137285
2137286
2137287
2137288
2137289
2137290
2137291
2137292
2137293
2137294
2137295
2137296
2137297
2137298
2137299
2137300
2137301
2137302
2137303
2137304
2137305
2137306
2137307
2137308
2137309
2137310
2137311
2137312
2137313
2137314
2137315
2137316
2137317
2137318
2137319
2137320
2137321
2137322
2137323
2137324
2137325
2137326
2137327
2137328
2137329
2137330
2137331
2137332
2137333
2137334
2137335
2137336
2137337
2137338
2137339
2137340
2137341
2137342
2137343
2137344
2137345
2137346
2137347
2137348
2137349
2137350
2137351
2137352
2137353
2137354
2137355
2137356
2137357
2137358
2137359
2137360
2137361
2137362
2137363
2137364
2137365
2137366
2137367
2137368
2137369
2137370
2137371
2137372
2137373
2137374
2137375
2137376
2137377
2137378
2137379
2137380
2137381
2137382
2137383
2137384
2137385
2137386
2137387
2137388
2137389
2137390
2137391
2137392
2137393
2137394
2137395
2137396
2137397
2137398
2137399
2137400
2137401
2137402
2137403
2137404
2137405
2137406
2137407
2137408
2137409
2137410
2137411
2137412
2137413
2137414
2137415
2137416
2137417
2137418
2137419
2137420
2137421
2137422
2137423
2137424
2137425
2137426
2137427
2137428
2137429
2137430
2137431
2137432
2137433
2137434
2137435
2137436
2137437
2137438
2137439
2137440
2137441
2137442
2137443
2137444
2137445
2137446
2137447
2137448
2137449
2137450
2137451
2137452
2137453
2137454
2137455
2137456
2137457
2137458
2137459
2137460
2137461
2137462
2137463
2137464
2137465
2137466
2137467
2137468
2137469
2137470
2137471
2137472
2137473
2137474
2137475
2137476
2137477
2137478
2137479
2137480
2137481
2137482
2137483
2137484
2137485
2137486
2137487
2137488
2137489
2137490
2137491
2137492
2137493
2137494
2137495
2137496
2137497
2137498
2137499
2137500
2137501
2137502
2137503
2137504
2137505
2137506
2137507
2137508
2137509
2137510
2137511
2137512
2137513
2137514
2137515
2137516
2137517
2137518
2137519
2137520
2137521
2137522
2137523
2137524
2137525
2137526
2137527
2137528
2137529
2137530
2137531
2137532
2137533
2137534
2137535
2137536
2137537
2137538
2137539
2137540
2137541
2137542
2137543
2137544
2137545
2137546
2137547
2137548
2137549
2137550
2137551
2137552
2137553
2137554
2137555
2137556
2137557
2137558
2137559
2137560
2137561
2137562
2137563
2137564
2137565
2137566
2137567
2137568
2137569
2137570
2137571
2137572
2137573
2137574
2137575
2137576
2137577
2137578
2137579
2137580
2137581
2137582
2137583
2137584
2137585
2137586
2137587
2137588
2137589
2137590
2137591
2137592
2137593
2137594
2137595
2137596
2137597
2137598
2137599
2137600
2137601
2137602
2137603
2137604
2137605
2137606
2137607
2137608
2137609
2137610
2137611
2137612
2137613
2137614
2137615
2137616
2137617
2137618
2137619
2137620
2137621
2137622
2137623
2137624
2137625
2137626
2137627
2137628
2137629
2137630
2137631
2137632
2137633
2137634
2137635
2137636
2137637
2137638
2137639
2137640
2137641
2137642
2137643
2137644
2137645
2137646
2137647
2137648
2137649
2137650
2137651
2137652
2137653
2137654
2137655
2137656
2137657
2137658
2137659
2137660
2137661
2137662
2137663
2137664
2137665
2137666
2137667
2137668
2137669
2137670
2137671
2137672
2137673
2137674
2137675
2137676
2137677
2137678
2137679
2137680
2137681
2137682
2137683
2137684
2137685
2137686
2137687
2137688
2137689
2137690
2137691
2137692
2137693
2137694
2137695
2137696
2137697
2137698
2137699
2137700
2137701
2137702
2137703
2137704
2137705
2137706
2137707
2137708
2137709
2137710
2137711
2137712
2137713
2137714
2137715
2137716
2137717
2137718
2137719
2137720
2137721
2137722
2137723
2137724
2137725
2137726
2137727
2137728
2137729
2137730
2137731
2137732
2137733
2137734
2137735
2137736
2137737
2137738
2137739
2137740
2137741
2137742
2137743
2137744
2137745
2137746
2137747
2137748
2137749
2137750
2137751
2137752
2137753
2137754
2137755
2137756
2137757
2137758
2137759
2137760
2137761
2137762
2137763
2137764
2137765
2137766
2137767
2137768
2137769
2137770
2137771
2137772
2137773
2137774
2137775
2137776
2137777
2137778
2137779
2137780
2137781
2137782
2137783
2137784
2137785
2137786
2137787
2137788
2137789
2137790
2137791
2137792
2137793
2137794
2137795
2137796
2137797
2137798
2137799
2137800
2137801
2137802
2137803
2137804
2137805
2137806
2137807
2137808
2137809
2137810
2137811
2137812
2137813
2137814
2137815
2137816
2137817
2137818
2137819
2137820
2137821
2137822
2137823
2137824
2137825
2137826
2137827
2137828
2137829
2137830
2137831
2137832
2137833
2137834
2137835
2137836
2137837
2137838
2137839
2137840
2137841
2137842
2137843
2137844
2137845
2137846
2137847
2137848
2137849
2137850
2137851
2137852
2137853
2137854
2137855
2137856
2137857
2137858
2137859
2137860
2137861
2137862
2137863
2137864
2137865
2137866
2137867
2137868
2137869
2137870
2137871
2137872
2137873
2137874
2137875
2137876
2137877
2137878
2137879
2137880
2137881
2137882
2137883
2137884
2137885
2137886
2137887
2137888
2137889
2137890
2137891
2137892
2137893
2137894
2137895
2137896
2137897
2137898
2137899
2137900
2137901
2137902
2137903
2137904
2137905
2137906
2137907
2137908
2137909
2137910
2137911
2137912
2137913
2137914
2137915
2137916
2137917
2137918
2137919
2137920
2137921
2137922
2137923
2137924
2137925
2137926
2137927
2137928
2137929
2137930
2137931
2137932
2137933
2137934
2137935
2137936
2137937
2137938
2137939
2137940
2137941
2137942
2137943
2137944
2137945
2137946
2137947
2137948
2137949
2137950
2137951
2137952
2137953
2137954
2137955
2137956
2137957
2137958
2137959
2137960
2137961
2137962
2137963
2137964
2137965
2137966
2137967
2137968
2137969
2137970
2137971
2137972
2137973
2137974
2137975
2137976
2137977
2137978
2137979
2137980
2137981
2137982
2137983
2137984
2137985
2137986
2137987
2137988
2137989
2137990
2137991
2137992
2137993
2137994
2137995
2137996
2137997
2137998
2137999
2138000
2138001
2138002
2138003
2138004
2138005
2138006
2138007
2138008
2138009
2138010
2138011
2138012
2138013
2138014
2138015
2138016
2138017
2138018
2138019
2138020
2138021
2138022
2138023
2138024
2138025
2138026
2138027
2138028
2138029
2138030
2138031
2138032
2138033
2138034
2138035
2138036
2138037
2138038
2138039
2138040
2138041
2138042
2138043
2138044
2138045
2138046
2138047
2138048
2138049
2138050
2138051
2138052
2138053
2138054
2138055
2138056
2138057
2138058
2138059
2138060
2138061
2138062
2138063
2138064
2138065
2138066
2138067
2138068
2138069
2138070
2138071
2138072
2138073
2138074
2138075
2138076
2138077
2138078
2138079
2138080
2138081
2138082
2138083
2138084
2138085
2138086
2138087
2138088
2138089
2138090
2138091
2138092
2138093
2138094
2138095
2138096
2138097
2138098
2138099
2138100
2138101
2138102
2138103
2138104
2138105
2138106
2138107
2138108
2138109
2138110
2138111
2138112
2138113
2138114
2138115
2138116
2138117
2138118
2138119
2138120
2138121
2138122
2138123
2138124
2138125
2138126
2138127
2138128
2138129
2138130
2138131
2138132
2138133
2138134
2138135
2138136
2138137
2138138
2138139
2138140
2138141
2138142
2138143
2138144
2138145
2138146
2138147
2138148
2138149
2138150
2138151
2138152
2138153
2138154
2138155
2138156
2138157
2138158
2138159
2138160
2138161
2138162
2138163
2138164
2138165
2138166
2138167
2138168
2138169
2138170
2138171
2138172
2138173
2138174
2138175
2138176
2138177
2138178
2138179
2138180
2138181
2138182
2138183
2138184
2138185
2138186
2138187
2138188
2138189
2138190
2138191
2138192
2138193
2138194
2138195
2138196
2138197
2138198
2138199
2138200
2138201
2138202
2138203
2138204
2138205
2138206
2138207
2138208
2138209
2138210
2138211
2138212
2138213
2138214
2138215
2138216
2138217
2138218
2138219
2138220
2138221
2138222
2138223
2138224
2138225
2138226
2138227
2138228
2138229
2138230
2138231
2138232
2138233
2138234
2138235
2138236
2138237
2138238
2138239
2138240
2138241
2138242
2138243
2138244
2138245
2138246
2138247
2138248
2138249
2138250
2138251
2138252
2138253
2138254
2138255
2138256
2138257
2138258
2138259
2138260
2138261
2138262
2138263
2138264
2138265
2138266
2138267
2138268
2138269
2138270
2138271
2138272
2138273
2138274
2138275
2138276
2138277
2138278
2138279
2138280
2138281
2138282
2138283
2138284
2138285
2138286
2138287
2138288
2138289
2138290
2138291
2138292
2138293
2138294
2138295
2138296
2138297
2138298
2138299
2138300
2138301
2138302
2138303
2138304
2138305
2138306
2138307
2138308
2138309
2138310
2138311
2138312
2138313
2138314
