2135382
2135383
2135384
2135385
2135386
2135387
2135388
2135389
2135390
2135391
2135392
2135393
2135394
2135395
2135396
2135397
2135398
2135399
2135400
2135401
2135402
2135403
2135404
2135405
2135406
2135407
2135408
2135409
2135410
2135411
2135412
2135413
2135414
2135415
2135416
2135417
2135418
2135419
2135420
2135421
2135422
2135423
2135424
2135425
2135426
2135427
2135428
2135429
2135430
2135431
2135432
2135433
2135434
2135435
2135436
2135437
2135438
2135439
2135440
2135441
2135442
2135443
2135444
2135445
2135446
2135447
2135448
2135449
2135450
2135451
2135452
2135453
2135454
2135455
2135456
2135457
2135458
2135459
2135460
2135461
2135462
2135463
2135464
2135465
2135466
2135467
