2144768
2144769
2144770
2144771
2144772
2144773
2144774
2144775
2144776
2144777
2144778
2144779
2144780
2144781
2144782
2144783
2144784
2144785
2144786
2144787
2144788
2144789
2144790
2144791
2144792
2144793
2144794
2144795
2144796
2144797
2144798
2144799
2144800
2144801
2144802
2144803
2144804
2144805
2144806
2144807
2144808
2144809
2144810
2144811
2144812
2144813
2144814
2144815
2144816
2144817
2144818
2144819
2144820
2144821
2144822
2144823
2144824
2144825
2144826
2144827
2144828
2144829
2144830
2144831
2144832
2144833
2144834
2144835
2144836
2144837
2144838
2144839
2144840
2144841
2144842
2144843
2144844
2144845
2144846
2144847
2144848
2144849
2144850
2144851
2144852
2144853
2144854
2144855
2144856
2144857
2144858
2144859
2144860
2144861
2144862
2144863
2144864
2144865
2144866
2144867
2144868
2144869
2144870
2144871
2144872
2144873
2144874
2144875
2144876
2144877
2144878
2144879
2144880
2144881
2144882
2144883
2144884
2144885
2144886
2144887
2144888
2144889
2144890
2144891
2144892
2144893
2144894
2144895
2144896
2144897
2144898
2144899
2144900
2144901
2144902
2144903
2144904
2144905
2144906
2144907
2144908
2144909
2144910
2144911
2144912
2144913
2144914
2144915
2144916
2144917
2144918
2144919
2144920
2144921
2144922
2144923
2144924
2144925
2144926
2144927
2144928
2144929
2144930
2144931
2144932
2144933
2144934
2144935
2144936
2144937
2144938
2144939
2144940
2144941
2144942
2144943
2144944
2144945
2144946
2144947
2144948
2144949
2144950
2144951
2144952
2144953
2144954
2144955
2144956
2144957
2144958
2144959
2144960
2144961
2144962
2144963
2144964
2144965
2144966
2144967
2144968
2144969
2144970
2144971
2144972
2144973
2144974
2144975
2144976
2144977
2144978
2144979
2144980
2144981
2144982
2144983
2144984
2144985
2144986
2144987
2144988
2144989
2144990
2144991
2144992
2144993
2144994
2144995
2144996
2144997
2144998
2144999
2145000
2145001
2145002
2145003
2145004
2145005
2145006
2145007
2145008
2145009
2145010
2145011
2145012
2145013
2145014
2145015
2145016
2145017
2145018
2145019
2145020
2145021
2145022
2145023
2145024
2145025
2145026
2145027
2145028
2145029
2145030
2145031
2145032
2145033
2145034
2145035
2145036
2145037
2145038
2145039
2145040
2145041
2145042
2145043
2145044
2145045
2145046
2145047
2145048
2145049
2145050
2145051
2145052
2145053
2145054
2145055
2145056
2145057
2145058
2145059
2145060
2145061
2145062
2145063
2145064
2145065
2145066
2145067
2145068
2145069
2145070
2145071
2145072
2145073
2145074
2145075
2145076
2145077
2145078
2145079
2145080
2145081
2145082
2145083
2145084
2145085
2145086
2145087
2145088
2145089
2145090
2145091
2145092
2145093
2145094
2145095
2145096
2145097
2145098
2145099
2145100
2145101
2145102
2145103
2145104
2145105
2145106
2145107
2145108
2145109
2145110
2145111
2145112
2145113
2145114
2145115
2145116
2145117
2145118
2145119
2145120
2145121
2145122
2145123
2145124
2145125
2145126
2145127
2145128
2145129
2145130
2145131
2145132
2145133
2145134
2145135
2145136
2145137
2145138
2145139
2145140
2145141
2145142
2145143
2145144
2145145
2145146
2145147
2145148
2145149
2145150
2145151
2145152
2145153
2145154
2145155
2145156
2145157
2145158
2145159
2145160
2145161
2145162
2145163
2145164
2145165
2145166
2145167
2145168
2145169
2145170
2145171
2145172
2145173
2145174
2145175
2145176
2145177
2145178
2145179
2145180
2145181
2145182
2145183
2145184
2145185
2145186
2145187
2145188
2145189
2145190
2145191
2145192
2145193
2145194
2145195
2145196
2145197
2145198
2145199
2145200
2145201
2145202
2145203
2145204
2145205
2145206
2145207
2145208
2145209
2145210
2145211
2145212
2145213
2145214
2145215
2145216
2145217
2145218
2145219
2145220
2145221
2145222
2145223
2145224
2145225
2145226
2145227
2145228
2145229
2145230
2145231
2145232
2145233
2145234
2145235
2145236
2145237
2145238
2145239
2145240
2145241
2145242
2145243
2145244
2145245
2145246
2145247
2145248
2145249
2145250
2145251
2145252
2145253
2145254
2145255
2145256
2145257
2145258
2145259
2145260
2145261
2145262
2145263
2145264
2145265
2145266
2145267
2145268
2145269
2145270
2145271
2145272
2145273
2145274
2145275
2145276
2145277
2145278
2145279
2145280
2145281
2145282
2145283
2145284
2145285
2145286
2145287
2145288
2145289
2145290
2145291
2145292
2145293
2145294
2145295
2145296
2145297
2145298
2145299
2145300
2145301
2145302
2145303
2145304
2145305
2145306
2145307
2145308
2145309
2145310
2145311
2145312
2145313
2145314
2145315
2145316
2145317
2145318
2145319
2145320
2145321
2145322
2145323
2145324
2145325
2145326
2145327
2145328
2145329
2145330
2145331
2145332
2145333
2145334
2145335
2145336
2145337
2145338
2145339
2145340
2145341
2145342
2145343
2145344
2145345
2145346
2145347
2145348
2145349
2145350
2145351
2145352
2145353
2145354
2145355
2145356
2145357
2145358
2145359
2145360
2145361
2145362
2145363
2145364
2145365
2145366
2145367
2145368
2145369
2145370
2145371
2145372
2145373
2145374
2145375
2145376
2145377
2145378
2145379
2145380
2145381
2145382
2145383
2145384
2145385
2145386
2145387
2145388
2145389
2145390
2145391
2145392
2145393
2145394
2145395
2145396
2145397
2145398
2145399
2145400
2145401
2145402
2145403
2145404
2145405
2145406
2145407
2145408
2145409
2145410
2145411
2145412
2145413
2145414
2145415
2145416
2145417
2145418
2145419
2145420
2145421
2145422
2145423
2145424
2145425
2145426
2145427
2145428
2145429
2145430
2145431
2145432
2145433
2145434
2145435
2145436
2145437
2145438
2145439
2145440
2145441
2145442
2145443
2145444
2145445
2145446
2145447
2145448
2145449
2145450
2145451
2145452
2145453
2145454
2145455
2145456
2145457
2145458
2145459
2145460
2145461
2145462
2145463
2145464
2145465
2145466
2145467
2145468
2145469
2145470
2145471
2145472
2145473
2145474
2145475
2145476
2145477
2145478
2145479
2145480
2145481
2145482
2145483
2145484
2145485
2145486
2145487
2145488
2145489
2145490
2145491
2145492
2145493
2145494
2145495
2145496
2145497
2145498
2145499
2145500
2145501
2145502
2145503
2145504
2145505
2145506
2145507
2145508
2145509
2145510
2145511
2145512
2145513
2145514
2145515
2145516
2145517
2145518
2145519
2145520
2145521
2145522
2145523
2145524
2145525
2145526
2145527
2145528
2145529
2145530
2145531
2145532
2145533
2145534
2145535
2145536
2145537
2145538
2145539
2145540
2145541
2145542
2145543
2145544
2145545
2145546
2145547
2145548
2145549
2145550
2145551
2145552
2145553
2145554
2145555
2145556
2145557
2145558
2145559
2145560
2145561
2145562
2145563
2145564
2145565
2145566
2145567
2145568
2145569
2145570
2145571
2145572
2145573
2145574
2145575
2145576
2145577
2145578
2145579
2145580
2145581
2145582
2145583
2145584
2145585
2145586
2145587
2145588
2145589
2145590
2145591
2145592
2145593
2145594
2145595
2145596
2145597
2145598
2145599
2145600
2145601
2145602
2145603
2145604
2145605
2145606
2145607
2145608
2145609
2145610
2145611
2145612
2145613
2145614
2145615
2145616
2145617
2145618
2145619
2145620
2145621
2145622
2145623
2145624
2145625
2145626
2145627
2145628
2145629
2145630
2145631
2145632
2145633
2145634
2145635
2145636
2145637
2145638
2145639
2145640
2145641
2145642
2145643
2145644
2145645
2145646
2145647
2145648
2145649
2145650
2145651
2145652
2145653
2145654
2145655
2145656
2145657
2145658
2145659
2145660
2145661
2145662
2145663
2145664
2145665
2145666
2145667
2145668
2145669
2145670
2145671
2145672
2145673
2145674
2145675
2145676
2145677
2145678
2145679
2145680
2145681
2145682
2145683
2145684
2145685
2145686
2145687
2145688
2145689
2145690
2145691
2145692
2145693
2145694
2145695
2145696
2145697
2145698
2145699
2145700
2145701
2145702
2145703
2145704
2145705
2145706
2145707
2145708
2145709
2145710
2145711
2145712
2145713
2145714
2145715
2145716
2145717
2145718
2145719
2145720
2145721
2145722
2145723
2145724
2145725
2145726
2145727
2145728
2145729
2145730
2145731
2145732
2145733
2145734
2145735
2145736
2145737
2145738
2145739
2145740
2145741
2145742
2145743
2145744
2145745
2145746
2145747
2145748
2145749
2145750
2145751
2145752
2145753
2145754
2145755
2145756
2145757
2145758
2145759
2145760
2145761
2145762
2145763
2145764
2145765
2145766
2145767
2145768
2145769
2145770
2145771
2145772
2145773
2145774
2145775
2145776
2145777
2145778
2145779
2145780
2145781
2145782
2145783
2145784
2145785
2145786
2145787
2145788
2145789
2145790
2145791
2145792
2145793
2145794
2145795
2145796
2145797
2145798
2145799
2145800
2145801
2145802
2145803
2145804
2145805
2145806
2145807
2145808
2145809
2145810
2145811
2145812
2145813
2145814
2145815
2145816
2145817
2145818
2145819
2145820
2145821
2145822
2145823
2145824
2145825
2145826
2145827
2145828
2145829
2145830
2145831
2145832
2145833
2145834
2145835
2145836
2145837
2145838
2145839
2145840
2145841
2145842
2145843
2145844
2145845
2145846
2145847
2145848
2145849
2145850
2145851
2145852
2145853
2145854
2145855
2145856
2145857
2145858
2145859
2145860
2145861
2145862
2145863
2145864
2145865
2145866
2145867
2145868
2145869
2145870
2145871
2145872
2145873
2145874
2145875
2145876
2145877
2145878
2145879
2145880
2145881
2145882
2145883
2145884
2145885
2145886
2145887
2145888
2145889
2145890
2145891
2145892
2145893
2145894
2145895
2145896
2145897
2145898
2145899
2145900
2145901
2145902
2145903
2145904
2145905
2145906
2145907
2145908
2145909
2145910
2145911
2145912
2145913
2145914
2145915
2145916
2145917
2145918
2145919
2145920
2145921
2145922
2145923
2145924
2145925
2145926
2145927
2145928
2145929
2145930
2145931
2145932
2145933
2145934
2145935
2145936
2145937
2145938
2145939
2145940
2145941
2145942
2145943
2145944
2145945
2145946
2145947
2145948
2145949
2145950
2145951
2145952
2145953
2145954
2145955
2145956
2145957
2145958
2145959
2145960
2145961
2145962
2145963
2145964
2145965
2145966
2145967
2145968
2145969
2145970
2145971
2145972
2145973
2145974
2145975
2145976
2145977
2145978
2145979
2145980
2145981
2145982
2145983
2145984
2145985
2145986
2145987
2145988
2145989
2145990
2145991
2145992
2145993
2145994
2145995
2145996
2145997
2145998
2145999
2146000
2146001
2146002
2146003
2146004
2146005
2146006
2146007
2146008
2146009
2146010
2146011
2146012
2146013
2146014
2146015
2146016
2146017
2146018
2146019
2146020
2146021
2146022
2146023
2146024
2146025
2146026
2146027
2146028
2146029
2146030
2146031
2146032
2146033
2146034
2146035
2146036
2146037
2146038
2146039
2146040
2146041
2146042
2146043
2146044
2146045
2146046
2146047
2146048
2146049
2146050
2146051
2146052
2146053
2146054
2146055
2146056
2146057
2146058
2146059
2146060
2146061
2146062
2146063
2146064
2146065
2146066
2146067
2146068
2146069
2146070
2146071
2146072
2146073
2146074
2146075
2146076
2146077
2146078
2146079
2146080
2146081
2146082
2146083
2146084
2146085
2146086
2146087
2146088
2146089
2146090
2146091
2146092
2146093
2146094
2146095
2146096
2146097
2146098
2146099
2146100
2146101
2146102
2146103
2146104
2146105
2146106
2146107
2146108
2146109
2146110
2146111
2146112
2146113
2146114
2146115
2146116
2146117
2146118
2146119
2146120
2146121
2146122
2146123
2146124
2146125
2146126
2146127
2146128
2146129
2146130
2146131
2146132
2146133
2146134
2146135
2146136
2146137
2146138
2146139
2146140
2146141
2146142
2146143
2146144
2146145
2146146
2146147
2146148
2146149
2146150
2146151
2146152
2146153
2146154
2146155
2146156
2146157
2146158
2146159
2146160
2146161
2146162
2146163
2146164
2146165
2146166
2146167
2146168
2146169
2146170
2146171
2146172
2146173
2146174
2146175
2146176
2146177
2146178
2146179
2146180
2146181
2146182
2146183
2146184
2146185
2146186
2146187
2146188
2146189
2146190
2146191
2146192
2146193
2146194
2146195
2146196
2146197
2146198
2146199
2146200
2146201
2146202
2146203
2146204
2146205
2146206
2146207
2146208
2146209
2146210
2146211
2146212
2146213
2146214
2146215
2146216
2146217
2146218
2146219
2146220
2146221
2146222
2146223
2146224
2146225
2146226
2146227
2146228
2146229
2146230
2146231
2146232
2146233
2146234
2146235
2146236
2146237
2146238
2146239
2146240
2146241
2146242
2146243
2146244
2146245
2146246
2146247
2146248
2146249
2146250
2146251
2146252
2146253
2146254
2146255
2146256
2146257
2146258
2146259
2146260
2146261
2146262
2146263
2146264
2146265
2146266
2146267
2146268
2146269
2146270
2146271
2146272
2146273
2146274
2146275
2146276
2146277
2146278
2146279
2146280
2146281
2146282
2146283
2146284
2146285
2146286
2146287
2146288
2146289
2146290
2146291
