392770
392771
392772
392773
392774
392775
392776
392777
392778
392779
392780
392781
392782
392783
392784
392785
392786
392787
392788
392789
392790
392791
392792
392793
392794
392795
392796
392797
392798
392799
392800
392801
392802
392803
392804
392805
392806
392807
392808
392809
392810
392811
392812
392813
392814
392815
392816
392817
392818
392819
392820
392821
392822
392823
392824
392825
392826
392827
392828
392829
392830
392831
392832
392833
392834
392835
392836
392837
392838
392839
392840
392841
392842
392843
392844
392845
392846
392847
392848
392849
392850
392851
392852
392853
392854
392855
392856
392857
392858
392859
392860
392861
392862
392863
392864
392865
392866
392867
392868
392869
392870
392871
392872
392873
392874
392875
392876
392877
392878
392879
392880
392881
392882
392883
392884
392885
392886
392887
392888
392889
392890
392891
392892
392893
392894
392895
392896
392897
392898
392899
392900
392901
392902
392903
392904
392905
392906
392907
392908
392909
392910
392911
392912
392913
392914
392915
392916
392917
392918
392919
392920
392921
392922
392923
392924
392925
392926
392927
392928
392929
392930
392931
392932
392933
392934
392935
392936
392937
392938
392939
392940
392941
392942
392943
392944
392945
392946
392947
392948
392949
392950
392951
392952
392953
392954
392955
392956
392957
392958
392959
392960
392961
392962
392963
392964
392965
392966
392967
392968
392969
392970
392971
392972
392973
392974
392975
392976
392977
392978
392979
392980
392981
392982
392983
392984
392985
392986
392987
392988
392989
392990
392991
392992
392993
392994
392995
392996
392997
392998
392999
393000
393001
393002
393003
393004
393005
393006
393007
393008
393009
393010
393011
393012
393013
393014
393015
393016
393017
393018
393019
393020
393021
393022
393023
393024
393025
393026
393027
393028
393029
393030
393031
393032
393033
393034
393035
393036
393037
393038
393039
393040
393041
393042
393043
393044
393045
393046
393047
393048
393049
393050
393051
393052
393053
393054
393055
393056
393057
393058
393059
393060
393061
393062
393063
393064
393065
393066
393067
393068
393069
393070
393071
393072
393073
393074
393075
393076
393077
393078
393079
393080
393081
393082
393083
393084
393085
393086
393087
393088
393089
393090
393091
393092
393093
393094
393095
393096
393097
393098
393099
393100
393101
393102
393103
393104
393105
393106
393107
393108
393109
393110
393111
393112
393113
393114
393115
393116
393117
393118
393119
393120
393121
393122
393123
393124
393125
393126
393127
393128
393129
393130
393131
393132
393133
393134
393135
393136
393137
393138
393139
393140
393141
393142
393143
393144
393145
393146
393147
393148
393149
393150
393151
393152
393153
393154
393155
393156
393157
393158
393159
393160
393161
393162
393163
393164
393165
393166
393167
393168
393169
393170
393171
393172
393173
393174
393175
393176
393177
393178
393179
393180
393181
393182
393183
393184
393185
393186
393187
393188
393189
393190
393191
393192
393193
393194
393195
393196
393197
393198
393199
393200
393201
393202
393203
393204
393205
393206
393207
393208
393209
393210
393211
393212
393213
393214
393215
393216
393217
393218
393219
393220
393221
393222
393223
393224
393225
393226
393227
393228
393229
393230
393231
393232
393233
393234
393235
393236
393237
393238
393239
393240
393241
393242
393243
393244
393245
393246
393247
393248
393249
393250
393251
393252
393253
393254
393255
393256
393257
393258
393259
393260
393261
393262
393263
393264
393265
393266
393267
393268
393269
393270
393271
393272
393273
393274
393275
393276
393277
393278
393279
393280
393281
393282
393283
393284
393285
393286
393287
393288
393289
393290
393291
393292
393293
393294
393295
393296
393297
393298
393299
393300
393301
393302
393303
393304
393305
393306
393307
393308
393309
393310
393311
393312
393313
393314
393315
393316
393317
393318
393319
393320
393321
393322
393323
393324
393325
393326
393327
393328
393329
393330
393331
393332
393333
393334
393335
393336
393337
393338
393339
393340
393341
393342
393343
393344
393345
393346
393347
393348
393349
393350
393351
393352
393353
393354
393355
393356
393357
393358
393359
393360
393361
393362
393363
393364
393365
393366
393367
393368
393369
393370
393371
393372
393373
393374
393375
393376
393377
393378
393379
393380
393381
393382
393383
393384
393385
393386
393387
393388
393389
393390
393391
393392
393393
393394
393395
393396
393397
393398
393399
393400
393401
393402
393403
393404
393405
393406
393407
393408
393409
393410
393411
393412
393413
393414
393415
393416
393417
393418
393419
393420
393421
393422
393423
393424
393425
393426
393427
393428
393429
393430
393431
393432
393433
393434
393435
393436
393437
393438
393439
393440
393441
393442
393443
393444
393445
393446
393447
393448
393449
393450
393451
393452
393453
393454
393455
393456
393457
393458
393459
393460
393461
393462
393463
393464
393465
393466
393467
393468
393469
393470
393471
393472
393473
393474
393475
393476
393477
393478
393479
393480
393481
393482
393483
393484
393485
393486
393487
393488
393489
393490
393491
393492
393493
393494
393495
393496
393497
393498
393499
393500
393501
393502
393503
393504
393505
393506
393507
393508
393509
393510
393511
393512
393513
393514
393515
393516
393517
393518
393519
393520
393521
393522
393523
393524
393525
393526
393527
393528
393529
393530
393531
393532
393533
393534
393535
393536
393537
393538
393539
393540
393541
393542
393543
393544
393545
393546
393547
393548
393549
393550
393551
393552
393553
393554
393555
393556
393557
393558
393559
393560
393561
393562
393563
393564
393565
393566
393567
393568
393569
393570
393571
393572
393573
393574
393575
393576
393577
393578
393579
393580
393581
393582
393583
393584
393585
393586
393587
393588
393589
393590
393591
393592
393593
393594
393595
393596
393597
393598
393599
393600
393601
393602
393603
393604
393605
393606
393607
393608
393609
393610
393611
393612
393613
393614
393615
393616
393617
393618
393619
393620
393621
393622
393623
393624
393625
393626
393627
393628
393629
393630
393631
393632
393633
393634
393635
393636
393637
393638
393639
393640
393641
393642
393643
393644
393645
393646
393647
393648
393649
393650
393651
393652
393653
393654
393655
393656
393657
393658
393659
393660
393661
393662
393663
393664
393665
393666
393667
393668
393669
393670
393671
393672
393673
393674
393675
393676
393677
393678
393679
393680
393681
393682
393683
393684
393685
393686
393687
393688
393689
393690
393691
393692
393693
393694
393695
393696
393697
393698
393699
393700
393701
393702
393703
393704
393705
393706
393707
393708
393709
393710
393711
393712
393713
393714
393715
393716
393717
393718
393719
393720
393721
393722
393723
393724
393725
393726
393727
393728
393729
393730
393731
393732
393733
393734
393735
393736
393737
393738
393739
393740
393741
393742
393743
393744
393745
393746
393747
393748
393749
393750
393751
393752
393753
393754
393755
393756
393757
393758
393759
393760
393761
393762
393763
393764
393765
393766
393767
393768
393769
393770
393771
393772
393773
393774
393775
393776
393777
393778
393779
393780
393781
393782
393783
393784
393785
393786
393787
393788
393789
393790
393791
393792
393793
393794
393795
393796
393797
393798
393799
393800
393801
393802
393803
393804
393805
393806
393807
393808
393809
393810
393811
393812
393813
393814
393815
393816
393817
393818
393819
393820
393821
393822
393823
393824
393825
393826
393827
393828
393829
393830
393831
393832
393833
393834
393835
393836
393837
393838
393839
393840
393841
393842
393843
393844
393845
393846
393847
393848
393849
393850
393851
393852
393853
393854
393855
393856
393857
393858
393859
393860
393861
393862
393863
393864
393865
393866
393867
393868
393869
393870
393871
393872
393873
393874
393875
393876
393877
393878
393879
393880
393881
393882
393883
393884
393885
393886
393887
393888
393889
393890
393891
393892
393893
393894
393895
393896
393897
393898
393899
393900
393901
393902
393903
393904
393905
393906
393907
393908
393909
393910
393911
393912
393913
393914
393915
393916
393917
393918
393919
393920
393921
393922
393923
393924
393925
393926
393927
393928
393929
393930
393931
393932
393933
393934
393935
393936
393937
393938
393939
393940
393941
393942
393943
393944
393945
393946
393947
393948
393949
393950
393951
393952
393953
393954
393955
393956
393957
393958
393959
393960
393961
393962
393963
393964
393965
393966
393967
393968
393969
393970
393971
393972
393973
393974
393975
393976
393977
393978
393979
393980
393981
393982
393983
393984
393985
393986
393987
393988
393989
393990
393991
393992
393993
393994
393995
393996
393997
393998
393999
394000
394001
394002
394003
394004
394005
394006
394007
394008
394009
394010
394011
394012
394013
394014
394015
394016
394017
394018
394019
394020
394021
394022
394023
394024
394025
394026
394027
394028
394029
394030
394031
394032
394033
394034
394035
394036
394037
394038
394039
394040
394041
394042
394043
394044
394045
394046
394047
394048
394049
394050
394051
394052
394053
394054
394055
394056
394057
394058
394059
394060
394061
394062
394063
394064
394065
394066
394067
394068
394069
394070
394071
394072
394073
394074
394075
394076
394077
394078
394079
394080
394081
394082
394083
394084
394085
394086
394087
394088
394089
394090
394091
394092
394093
394094
394095
394096
394097
394098
394099
394100
394101
394102
394103
394104
394105
394106
394107
394108
394109
394110
394111
394112
394113
394114
394115
394116
394117
394118
394119
394120
394121
394122
394123
394124
394125
394126
394127
394128
394129
394130
394131
394132
394133
394134
394135
394136
394137
394138
394139
394140
394141
394142
394143
394144
394145
394146
394147
394148
394149
394150
394151
394152
394153
394154
394155
394156
394157
394158
394159
394160
394161
394162
394163
394164
394165
394166
394167
394168
394169
394170
394171
394172
394173
394174
394175
394176
394177
394178
394179
394180
394181
394182
394183
394184
394185
394186
394187
394188
394189
394190
394191
394192
394193
394194
394195
394196
394197
394198
394199
394200
394201
394202
394203
394204
394205
394206
394207
394208
394209
394210
394211
394212
394213
394214
394215
394216
394217
394218
394219
394220
394221
394222
394223
394224
394225
394226
394227
394228
394229
394230
394231
394232
394233
394234
394235
394236
394237
394238
394239
394240
394241
394242
394243
394244
394245
394246
394247
394248
394249
394250
394251
394252
394253
394254
394255
394256
394257
394258
394259
394260
394261
394262
394263
394264
394265
394266
394267
394268
394269
394270
394271
394272
394273
394274
394275
394276
394277
394278
394279
394280
394281
394282
394283
394284
394285
394286
394287
394288
394289
394290
394291
394292
394293
394294
394295
394296
394297
394298
394299
394300
394301
394302
394303
394304
394305
394306
394307
394308
394309
394310
394311
394312
394313
394314
394315
394316
394317
394318
394319
394320
394321
394322
394323
394324
394325
394326
394327
394328
394329
394330
394331
394332
394333
394334
394335
394336
394337
394338
394339
394340
394341
394342
394343
394344
394345
394346
394347
394348
394349
394350
394351
394352
394353
394354
394355
394356
394357
394358
394359
394360
394361
394362
394363
394364
394365
394366
394367
394368
394369
394370
394371
394372
394373
394374
394375
394376
394377
394378
394379
394380
394381
394382
394383
394384
394385
394386
394387
394388
394389
394390
394391
394392
394393
394394
394395
394396
394397
394398
394399
394400
394401
394402
394403
394404
394405
394406
394407
394408
394409
394410
394411
394412
394413
394414
394415
394416
394417
394418
394419
394420
394421
394422
394423
394424
394425
394426
394427
394428
394429
394430
394431
394432
394433
394434
394435
394436
394437
394438
394439
394440
394441
394442
394443
394444
394445
394446
394447
394448
394449
394450
394451
394452
394453
394454
394455
394456
394457
394458
394459
394460
394461
394462
394463
394464
394465
394466
394467
394468
394469
394470
394471
394472
394473
394474
394475
394476
394477
394478
394479
394480
394481
394482
394483
394484
394485
394486
394487
394488
394489
394490
394491
394492
394493
394494
394495
394496
394497
394498
394499
394500
394501
394502
394503
394504
394505
394506
394507
394508
394509
394510
394511
394512
394513
394514
394515
394516
394517
394518
394519
394520
394521
394522
394523
394524
394525
394526
394527
394528
394529
394530
394531
394532
394533
394534
394535
394536
394537
394538
394539
394540
394541
394542
394543
394544
394545
394546
394547
394548
394549
394550
394551
394552
394553
394554
394555
394556
394557
394558
394559
394560
394561
394562
394563
394564
394565
394566
394567
394568
394569
394570
394571
394572
394573
394574
394575
394576
394577
394578
394579
394580
394581
394582
394583
394584
394585
394586
394587
394588
394589
394590
394591
394592
394593
394594
394595
394596
394597
394598
394599
394600
394601
394602
394603
394604
394605
394606
394607
394608
394609
394610
394611
394612
394613
394614
394615
394616
394617
394618
394619
394620
394621
394622
394623
394624
394625
394626
394627
394628
394629
394630
394631
394632
394633
394634
394635
394636
394637
394638
394639
394640
394641
394642
394643
394644
394645
394646
394647
394648
394649
394650
394651
394652
394653
394654
394655
394656
394657
394658
394659
394660
394661
394662
394663
394664
394665
394666
394667
394668
394669
394670
394671
394672
394673
394674
394675
394676
394677
394678
394679
394680
394681
394682
394683
394684
394685
394686
394687
394688
394689
394690
394691
394692
394693
394694
394695
394696
394697
394698
394699
394700
394701
394702
394703
394704
394705
394706
394707
394708
394709
394710
394711
394712
394713
394714
394715
394716
394717
394718
394719
394720
394721
394722
394723
394724
394725
394726
394727
394728
394729
394730
394731
394732
394733
394734
394735
394736
394737
394738
394739
394740
394741
394742
394743
394744
394745
394746
394747
394748
394749
394750
394751
394752
394753
394754
394755
394756
394757
394758
394759
394760
394761
394762
394763
394764
394765
394766
394767
394768
394769
394770
394771
394772
394773
394774
394775
394776
394777
394778
394779
394780
394781
394782
394783
394784
394785
394786
394787
394788
394789
394790
394791
394792
394793
394794
394795
394796
394797
394798
394799
394800
394801
394802
394803
394804
394805
394806
394807
394808
394809
394810
394811
394812
394813
394814
394815
394816
394817
394818
394819
394820
394821
394822
394823
394824
394825
394826
394827
394828
394829
394830
394831
394832
394833
394834
394835
394836
394837
394838
394839
394840
394841
394842
394843
394844
394845
394846
394847
394848
394849
394850
394851
394852
394853
394854
394855
394856
394857
394858
394859
394860
394861
394862
394863
394864
394865
394866
394867
394868
394869
394870
394871
394872
394873
394874
394875
394876
394877
394878
394879
394880
394881
394882
394883
394884
394885
394886
394887
394888
394889
394890
394891
394892
394893
394894
394895
394896
394897
394898
394899
394900
394901
394902
394903
394904
394905
394906
394907
394908
394909
394910
394911
394912
394913
394914
394915
394916
394917
394918
394919
394920
394921
394922
394923
394924
394925
394926
394927
394928
394929
394930
394931
394932
394933
394934
394935
394936
394937
394938
394939
394940
394941
394942
394943
394944
394945
394946
394947
394948
394949
394950
394951
394952
394953
394954
394955
394956
394957
394958
394959
394960
394961
394962
394963
394964
394965
394966
394967
394968
394969
394970
394971
394972
394973
394974
394975
394976
394977
394978
394979
394980
394981
394982
394983
394984
394985
394986
394987
394988
394989
394990
394991
394992
394993
394994
394995
394996
394997
394998
394999
395000
395001
395002
395003
395004
395005
395006
395007
395008
395009
395010
395011
395012
395013
395014
395015
395016
395017
395018
395019
395020
395021
395022
395023
395024
395025
395026
395027
395028
395029
395030
395031
395032
395033
395034
395035
395036
395037
395038
395039
395040
395041
395042
395043
395044
395045
395046
395047
395048
395049
