395050
395051
395052
395053
395054
395055
395056
395057
395058
395059
395060
395061
395062
395063
395064
395065
395066
395067
395068
395069
395070
395071
395072
395073
395074
395075
395076
395077
395078
395079
395080
395081
395082
395083
395084
395085
395086
395087
395088
395089
395090
395091
395092
395093
395094
395095
395096
395097
395098
395099
395100
395101
395102
395103
395104
395105
395106
395107
395108
395109
395110
395111
395112
395113
395114
395115
395116
395117
395118
395119
395120
395121
395122
395123
395124
395125
395126
395127
395128
395129
395130
395131
395132
395133
395134
395135
395136
395137
395138
395139
395140
395141
395142
395143
395144
395145
395146
395147
395148
395149
395150
395151
395152
395153
395154
395155
395156
395157
395158
395159
395160
395161
395162
395163
395164
395165
395166
395167
395168
395169
395170
395171
395172
395173
395174
395175
395176
395177
395178
395179
395180
