392670
392671
392672
392673
392674
392675
392676
392677
392678
392679
392680
392681
392682
392683
392684
392685
392686
392687
392688
392689
392690
392691
392692
392693
392694
392695
392696
392697
392698
392699
392700
392701
392702
392703
392704
392705
392706
392707
392708
392709
392710
392711
392712
392713
392714
392715
392716
392717
392718
392719
392720
392721
392722
392723
392724
392725
392726
392727
392728
392729
392730
392731
392732
392733
392734
392735
392736
392737
392738
392739
392740
392741
392742
392743
392744
392745
392746
392747
392748
392749
392750
392751
392752
392753
392754
392755
392756
392757
392758
392759
392760
392761
392762
392763
392764
392765
392766
392767
392768
392769
