4626173
4626174
4626175
4626176
4626177
4626178
4626179
4626180
4626181
4626182
4626183
4626184
4626185
4626186
4626187
4626188
4626189
4626190
4626191
4626192
4626193
4626194
4626195
4626196
4626197
4626198
4626199
4626200
4626201
4626202
4626203
4626204
4626205
4626206
4626207
4626208
4626209
4626210
4626211
4626212
4626213
4626214
4626215
4626216
4626217
4626218
4626219
4626220
4626221
4626222
4626223
4626224
4626225
4626226
4626227
4626228
4626229
4626230
4626231
4626232
4626233
4626234
4626235
4626236
4626237
4626238
4626239
4626240
4626241
4626242
4626243
4626244
4626245
4626246
4626247
4626248
4626249
4626250
4626251
4626252
4626253
4626254
4626255
4626256
4626257
4626258
4626259
4626260
