4626261
4626262
4626263
4626264
4626265
4626266
4626267
4626268
4626269
4626270
4626271
4626272
4626273
4626274
4626275
4626276
4626277
4626278
4626279
4626280
4626281
4626282
4626283
4626284
4626285
4626286
4626287
4626288
4626289
4626290
4626291
4626292
4626293
4626294
4626295
4626296
4626297
4626298
4626299
4626300
4626301
4626302
4626303
4626304
4626305
4626306
4626307
4626308
4626309
4626310
4626311
4626312
4626313
4626314
4626315
4626316
4626317
4626318
4626319
4626320
4626321
4626322
4626323
4626324
4626325
4626326
4626327
4626328
4626329
4626330
4626331
4626332
4626333
4626334
4626335
4626336
4626337
4626338
4626339
4626340
4626341
4626342
4626343
4626344
4626345
4626346
4626347
4626348
4626349
4626350
4626351
4626352
4626353
4626354
4626355
4626356
4626357
4626358
4626359
4626360
4626361
4626362
4626363
4626364
4626365
4626366
4626367
4626368
4626369
4626370
4626371
4626372
4626373
4626374
4626375
4626376
4626377
4626378
4626379
4626380
4626381
4626382
4626383
4626384
4626385
4626386
4626387
4626388
4626389
4626390
4626391
4626392
4626393
4626394
4626395
4626396
4626397
4626398
4626399
4626400
4626401
4626402
4626403
4626404
4626405
4626406
4626407
4626408
4626409
4626410
4626411
4626412
4626413
4626414
4626415
4626416
4626417
4626418
4626419
4626420
4626421
4626422
4626423
4626424
4626425
4626426
4626427
4626428
4626429
4626430
4626431
4626432
4626433
4626434
4626435
4626436
4626437
4626438
4626439
4626440
4626441
4626442
4626443
4626444
4626445
4626446
4626447
4626448
4626449
4626450
4626451
4626452
4626453
4626454
4626455
4626456
4626457
4626458
4626459
4626460
4626461
4626462
4626463
4626464
4626465
4626466
4626467
4626468
4626469
4626470
4626471
4626472
4626473
4626474
4626475
4626476
4626477
4626478
4626479
4626480
4626481
4626482
4626483
4626484
4626485
4626486
4626487
4626488
4626489
4626490
4626491
4626492
4626493
4626494
4626495
4626496
4626497
4626498
4626499
4626500
4626501
4626502
4626503
4626504
4626505
4626506
4626507
4626508
4626509
4626510
4626511
4626512
4626513
4626514
4626515
4626516
4626517
4626518
4626519
4626520
4626521
4626522
4626523
4626524
4626525
4626526
4626527
4626528
4626529
4626530
4626531
4626532
4626533
4626534
4626535
4626536
4626537
4626538
4626539
4626540
4626541
4626542
4626543
4626544
4626545
4626546
4626547
4626548
4626549
4626550
4626551
4626552
4626553
4626554
4626555
4626556
4626557
4626558
4626559
4626560
4626561
4626562
4626563
4626564
4626565
4626566
4626567
4626568
4626569
4626570
4626571
4626572
4626573
4626574
4626575
4626576
4626577
4626578
4626579
4626580
4626581
4626582
4626583
4626584
4626585
4626586
4626587
4626588
4626589
4626590
4626591
4626592
4626593
4626594
4626595
4626596
4626597
4626598
4626599
4626600
4626601
4626602
4626603
4626604
4626605
4626606
4626607
4626608
4626609
4626610
4626611
4626612
4626613
4626614
4626615
4626616
4626617
4626618
4626619
4626620
4626621
4626622
4626623
4626624
4626625
4626626
4626627
4626628
4626629
4626630
4626631
4626632
4626633
4626634
4626635
4626636
4626637
4626638
4626639
4626640
4626641
4626642
4626643
4626644
4626645
4626646
4626647
4626648
4626649
4626650
4626651
4626652
4626653
4626654
4626655
4626656
4626657
4626658
4626659
4626660
4626661
4626662
4626663
4626664
4626665
4626666
4626667
4626668
4626669
4626670
4626671
4626672
4626673
4626674
4626675
4626676
4626677
4626678
4626679
4626680
4626681
4626682
4626683
4626684
4626685
4626686
4626687
4626688
4626689
4626690
4626691
4626692
4626693
4626694
4626695
4626696
4626697
4626698
4626699
4626700
4626701
4626702
4626703
4626704
4626705
4626706
4626707
4626708
4626709
4626710
4626711
4626712
4626713
4626714
4626715
4626716
4626717
4626718
4626719
4626720
4626721
4626722
4626723
4626724
4626725
4626726
4626727
4626728
4626729
4626730
4626731
4626732
4626733
4626734
4626735
4626736
4626737
4626738
4626739
4626740
4626741
4626742
4626743
4626744
4626745
4626746
4626747
4626748
4626749
4626750
4626751
4626752
4626753
4626754
4626755
4626756
4626757
4626758
4626759
4626760
4626761
4626762
4626763
4626764
4626765
4626766
4626767
4626768
4626769
4626770
4626771
4626772
4626773
4626774
4626775
4626776
4626777
4626778
4626779
4626780
4626781
4626782
4626783
4626784
4626785
4626786
4626787
4626788
4626789
4626790
4626791
4626792
4626793
4626794
4626795
4626796
4626797
4626798
4626799
4626800
4626801
4626802
4626803
4626804
4626805
4626806
4626807
4626808
4626809
4626810
4626811
4626812
4626813
4626814
4626815
4626816
4626817
4626818
4626819
4626820
4626821
4626822
4626823
4626824
4626825
4626826
4626827
4626828
4626829
4626830
4626831
4626832
4626833
4626834
4626835
4626836
4626837
4626838
4626839
4626840
4626841
4626842
4626843
4626844
4626845
4626846
4626847
4626848
4626849
4626850
4626851
4626852
4626853
4626854
4626855
4626856
4626857
4626858
4626859
4626860
4626861
4626862
4626863
4626864
4626865
4626866
4626867
4626868
4626869
4626870
4626871
4626872
4626873
4626874
4626875
4626876
4626877
4626878
4626879
4626880
4626881
4626882
4626883
4626884
4626885
4626886
4626887
4626888
4626889
4626890
4626891
4626892
4626893
4626894
4626895
4626896
4626897
4626898
4626899
4626900
4626901
4626902
4626903
4626904
4626905
4626906
4626907
4626908
4626909
4626910
4626911
4626912
4626913
4626914
4626915
4626916
4626917
4626918
4626919
4626920
4626921
4626922
4626923
4626924
4626925
4626926
4626927
4626928
4626929
4626930
4626931
4626932
4626933
4626934
4626935
4626936
4626937
4626938
4626939
4626940
4626941
4626942
4626943
4626944
4626945
4626946
4626947
4626948
4626949
4626950
4626951
4626952
4626953
4626954
4626955
4626956
4626957
4626958
4626959
4626960
4626961
4626962
4626963
4626964
4626965
4626966
4626967
4626968
4626969
4626970
4626971
4626972
4626973
4626974
4626975
4626976
4626977
4626978
4626979
4626980
4626981
4626982
4626983
4626984
4626985
4626986
4626987
4626988
4626989
4626990
4626991
4626992
4626993
4626994
4626995
4626996
4626997
4626998
4626999
4627000
4627001
4627002
4627003
4627004
4627005
4627006
4627007
4627008
4627009
4627010
4627011
4627012
4627013
4627014
4627015
4627016
4627017
4627018
4627019
4627020
4627021
4627022
4627023
4627024
4627025
4627026
4627027
4627028
4627029
4627030
4627031
4627032
4627033
4627034
4627035
4627036
4627037
4627038
4627039
4627040
4627041
4627042
4627043
4627044
4627045
4627046
4627047
4627048
4627049
4627050
4627051
4627052
4627053
4627054
4627055
4627056
4627057
4627058
4627059
4627060
4627061
4627062
4627063
4627064
4627065
4627066
4627067
4627068
4627069
4627070
4627071
4627072
4627073
4627074
4627075
4627076
4627077
4627078
4627079
4627080
4627081
4627082
4627083
4627084
4627085
4627086
4627087
4627088
4627089
4627090
4627091
4627092
4627093
4627094
4627095
4627096
4627097
4627098
4627099
4627100
4627101
4627102
4627103
4627104
4627105
4627106
4627107
4627108
4627109
4627110
4627111
4627112
4627113
4627114
4627115
4627116
4627117
4627118
4627119
4627120
4627121
4627122
4627123
4627124
4627125
4627126
4627127
4627128
4627129
4627130
4627131
4627132
4627133
4627134
4627135
4627136
4627137
4627138
4627139
4627140
4627141
4627142
4627143
4627144
4627145
4627146
4627147
4627148
4627149
4627150
4627151
4627152
4627153
4627154
4627155
4627156
4627157
4627158
4627159
4627160
4627161
4627162
4627163
4627164
4627165
4627166
4627167
4627168
4627169
4627170
4627171
4627172
4627173
4627174
4627175
4627176
4627177
4627178
4627179
4627180
4627181
4627182
4627183
4627184
4627185
4627186
4627187
4627188
4627189
4627190
4627191
4627192
4627193
4627194
4627195
4627196
4627197
4627198
4627199
4627200
4627201
4627202
4627203
4627204
4627205
4627206
4627207
4627208
4627209
4627210
4627211
4627212
4627213
4627214
4627215
4627216
4627217
4627218
4627219
4627220
4627221
4627222
4627223
4627224
4627225
4627226
4627227
4627228
4627229
4627230
4627231
4627232
4627233
4627234
4627235
4627236
4627237
4627238
4627239
4627240
4627241
4627242
4627243
4627244
4627245
4627246
4627247
4627248
4627249
4627250
4627251
4627252
4627253
4627254
4627255
4627256
4627257
4627258
4627259
4627260
4627261
4627262
4627263
4627264
4627265
4627266
4627267
4627268
4627269
4627270
4627271
4627272
4627273
4627274
4627275
4627276
4627277
4627278
4627279
4627280
4627281
4627282
4627283
4627284
4627285
4627286
4627287
4627288
4627289
4627290
4627291
4627292
4627293
4627294
4627295
4627296
4627297
4627298
4627299
4627300
4627301
4627302
4627303
4627304
4627305
4627306
4627307
4627308
4627309
4627310
4627311
4627312
4627313
4627314
4627315
4627316
4627317
4627318
4627319
4627320
4627321
4627322
4627323
4627324
4627325
4627326
4627327
4627328
4627329
4627330
4627331
4627332
4627333
4627334
4627335
4627336
4627337
4627338
4627339
4627340
4627341
4627342
4627343
4627344
4627345
4627346
4627347
4627348
4627349
4627350
4627351
4627352
4627353
4627354
4627355
4627356
4627357
4627358
4627359
4627360
4627361
4627362
4627363
4627364
4627365
4627366
4627367
4627368
4627369
4627370
4627371
4627372
4627373
4627374
4627375
4627376
4627377
4627378
4627379
4627380
4627381
4627382
4627383
4627384
4627385
4627386
4627387
4627388
4627389
4627390
4627391
4627392
4627393
4627394
4627395
4627396
4627397
4627398
4627399
4627400
4627401
4627402
4627403
4627404
4627405
4627406
4627407
4627408
4627409
4627410
4627411
4627412
4627413
4627414
4627415
4627416
4627417
4627418
4627419
4627420
4627421
4627422
4627423
4627424
4627425
4627426
4627427
4627428
4627429
4627430
4627431
4627432
4627433
4627434
4627435
4627436
4627437
4627438
4627439
4627440
4627441
4627442
4627443
4627444
4627445
4627446
4627447
4627448
4627449
4627450
4627451
4627452
4627453
4627454
4627455
4627456
4627457
4627458
4627459
4627460
4627461
4627462
4627463
4627464
4627465
4627466
4627467
4627468
4627469
4627470
4627471
4627472
4627473
4627474
4627475
4627476
4627477
4627478
4627479
4627480
4627481
4627482
4627483
4627484
4627485
4627486
4627487
4627488
4627489
4627490
4627491
4627492
4627493
4627494
4627495
4627496
4627497
4627498
4627499
4627500
4627501
4627502
4627503
4627504
4627505
4627506
4627507
4627508
4627509
4627510
4627511
4627512
4627513
4627514
4627515
4627516
4627517
4627518
4627519
4627520
4627521
4627522
4627523
4627524
4627525
4627526
4627527
4627528
4627529
4627530
4627531
4627532
4627533
4627534
4627535
4627536
4627537
4627538
4627539
4627540
4627541
4627542
4627543
4627544
4627545
4627546
4627547
4627548
4627549
4627550
4627551
4627552
4627553
4627554
4627555
4627556
4627557
4627558
4627559
4627560
4627561
4627562
4627563
4627564
4627565
4627566
4627567
4627568
4627569
4627570
4627571
4627572
4627573
4627574
4627575
4627576
4627577
4627578
4627579
4627580
4627581
4627582
4627583
4627584
4627585
4627586
4627587
4627588
4627589
4627590
4627591
4627592
4627593
4627594
4627595
4627596
4627597
4627598
4627599
4627600
4627601
4627602
4627603
4627604
4627605
4627606
4627607
4627608
4627609
4627610
4627611
4627612
4627613
4627614
4627615
4627616
4627617
4627618
4627619
4627620
4627621
4627622
4627623
4627624
4627625
4627626
4627627
4627628
4627629
4627630
4627631
4627632
4627633
4627634
4627635
4627636
4627637
4627638
4627639
4627640
4627641
4627642
4627643
4627644
4627645
4627646
4627647
4627648
4627649
4627650
4627651
4627652
4627653
4627654
4627655
4627656
4627657
4627658
4627659
4627660
4627661
4627662
4627663
4627664
4627665
4627666
4627667
4627668
4627669
4627670
4627671
4627672
4627673
4627674
4627675
4627676
4627677
4627678
4627679
4627680
4627681
4627682
4627683
4627684
4627685
4627686
4627687
4627688
4627689
4627690
4627691
4627692
4627693
4627694
4627695
4627696
4627697
4627698
4627699
4627700
4627701
4627702
4627703
4627704
4627705
4627706
4627707
4627708
4627709
4627710
4627711
4627712
4627713
4627714
4627715
4627716
4627717
4627718
4627719
4627720
4627721
4627722
4627723
4627724
4627725
4627726
4627727
4627728
4627729
4627730
4627731
4627732
4627733
4627734
4627735
4627736
4627737
4627738
4627739
4627740
4627741
4627742
4627743
4627744
4627745
4627746
4627747
4627748
4627749
4627750
4627751
4627752
4627753
4627754
4627755
4627756
4627757
4627758
4627759
4627760
4627761
4627762
4627763
4627764
4627765
4627766
4627767
4627768
4627769
4627770
4627771
4627772
4627773
4627774
4627775
4627776
4627777
4627778
4627779
4627780
4627781
4627782
4627783
4627784
4627785
4627786
4627787
4627788
4627789
4627790
4627791
4627792
4627793
4627794
4627795
4627796
4627797
4627798
4627799
4627800
4627801
4627802
4627803
4627804
4627805
4627806
4627807
4627808
4627809
4627810
4627811
4627812
4627813
4627814
4627815
4627816
4627817
4627818
4627819
4627820
4627821
4627822
4627823
4627824
4627825
4627826
4627827
4627828
4627829
4627830
4627831
4627832
4627833
4627834
4627835
4627836
4627837
4627838
4627839
4627840
4627841
4627842
4627843
4627844
4627845
4627846
4627847
4627848
4627849
4627850
4627851
4627852
4627853
4627854
4627855
4627856
4627857
4627858
4627859
4627860
4627861
4627862
4627863
4627864
4627865
4627866
4627867
4627868
4627869
4627870
4627871
4627872
4627873
4627874
4627875
4627876
4627877
4627878
4627879
4627880
4627881
4627882
4627883
4627884
4627885
4627886
4627887
4627888
4627889
4627890
4627891
4627892
4627893
4627894
4627895
4627896
4627897
4627898
4627899
4627900
4627901
4627902
4627903
4627904
4627905
4627906
4627907
4627908
4627909
4627910
4627911
4627912
4627913
4627914
4627915
4627916
4627917
4627918
4627919
4627920
4627921
4627922
4627923
4627924
4627925
4627926
4627927
4627928
4627929
4627930
4627931
4627932
4627933
4627934
4627935
4627936
4627937
4627938
4627939
4627940
4627941
4627942
4627943
4627944
4627945
4627946
4627947
4627948
4627949
4627950
4627951
4627952
4627953
4627954
4627955
4627956
4627957
4627958
4627959
4627960
4627961
4627962
4627963
4627964
4627965
4627966
4627967
4627968
4627969
4627970
4627971
4627972
4627973
4627974
4627975
4627976
4627977
4627978
4627979
4627980
4627981
4627982
4627983
4627984
4627985
4627986
4627987
4627988
4627989
4627990
4627991
4627992
4627993
4627994
4627995
4627996
4627997
4627998
4627999
4628000
4628001
4628002
4628003
4628004
4628005
4628006
4628007
4628008
4628009
4628010
4628011
4628012
4628013
4628014
4628015
4628016
4628017
4628018
4628019
4628020
4628021
4628022
4628023
4628024
4628025
4628026
4628027
4628028
4628029
4628030
4628031
4628032
4628033
4628034
4628035
4628036
4628037
4628038
4628039
4628040
4628041
4628042
4628043
4628044
4628045
4628046
4628047
4628048
4628049
4628050
4628051
4628052
4628053
4628054
4628055
4628056
4628057
4628058
4628059
4628060
4628061
4628062
4628063
4628064
4628065
4628066
4628067
4628068
4628069
4628070
4628071
4628072
4628073
4628074
4628075
4628076
4628077
4628078
4628079
4628080
4628081
4628082
4628083
4628084
4628085
4628086
4628087
4628088
4628089
4628090
4628091
4628092
4628093
4628094
4628095
4628096
4628097
4628098
4628099
4628100
4628101
4628102
4628103
4628104
4628105
4628106
4628107
4628108
4628109
4628110
4628111
4628112
4628113
4628114
4628115
4628116
4628117
4628118
4628119
4628120
4628121
4628122
4628123
4628124
4628125
4628126
4628127
4628128
4628129
4628130
4628131
4628132
4628133
4628134
4628135
4628136
4628137
4628138
4628139
4628140
4628141
4628142
4628143
4628144
4628145
4628146
4628147
4628148
4628149
4628150
4628151
4628152
4628153
4628154
4628155
4628156
4628157
4628158
4628159
4628160
4628161
4628162
4628163
4628164
4628165
4628166
4628167
4628168
4628169
4628170
4628171
4628172
4628173
4628174
4628175
4628176
4628177
4628178
4628179
4628180
4628181
4628182
4628183
4628184
4628185
4628186
4628187
4628188
4628189
4628190
4628191
4628192
4628193
4628194
4628195
4628196
4628197
4628198
4628199
4628200
4628201
4628202
4628203
4628204
4628205
4628206
4628207
4628208
4628209
4628210
4628211
4628212
4628213
4628214
4628215
4628216
4628217
4628218
4628219
4628220
4628221
4628222
4628223
4628224
4628225
4628226
4628227
4628228
4628229
4628230
4628231
4628232
4628233
4628234
4628235
4628236
4628237
4628238
4628239
4628240
4628241
4628242
4628243
4628244
4628245
4628246
4628247
4628248
4628249
4628250
4628251
4628252
4628253
4628254
4628255
4628256
4628257
4628258
4628259
4628260
4628261
4628262
4628263
4628264
4628265
4628266
4628267
4628268
4628269
4628270
4628271
4628272
4628273
4628274
4628275
4628276
4628277
4628278
4628279
4628280
4628281
4628282
4628283
4628284
4628285
4628286
4628287
4628288
4628289
4628290
4628291
4628292
4628293
4628294
4628295
4628296
4628297
4628298
4628299
4628300
4628301
4628302
4628303
4628304
4628305
4628306
4628307
4628308
4628309
4628310
4628311
4628312
4628313
4628314
4628315
4628316
4628317
4628318
4628319
4628320
4628321
4628322
4628323
4628324
4628325
4628326
4628327
4628328
4628329
4628330
4628331
4628332
4628333
4628334
4628335
4628336
4628337
4628338
4628339
4628340
4628341
4628342
4628343
4628344
4628345
4628346
4628347
4628348
4628349
4628350
4628351
4628352
4628353
4628354
4628355
4628356
4628357
4628358
4628359
4628360
4628361
4628362
4628363
4628364
4628365
4628366
4628367
4628368
4628369
4628370
4628371
4628372
4628373
4628374
4628375
4628376
4628377
4628378
4628379
4628380
4628381
4628382
4628383
4628384
4628385
4628386
4628387
4628388
4628389
4628390
4628391
4628392
4628393
4628394
4628395
4628396
4628397
4628398
4628399
4628400
4628401
4628402
4628403
4628404
4628405
4628406
4628407
4628408
4628409
4628410
4628411
4628412
4628413
4628414
4628415
4628416
4628417
4628418
4628419
4628420
4628421
4628422
4628423
4628424
4628425
4628426
4628427
4628428
4628429
4628430
4628431
4628432
4628433
4628434
4628435
4628436
4628437
4628438
4628439
4628440
4628441
4628442
4628443
4628444
4628445
4628446
4628447
4628448
4628449
4628450
4628451
4628452
4628453
4628454
4628455
4628456
4628457
4628458
4628459
4628460
4628461
4628462
4628463
4628464
4628465
4628466
4628467
4628468
4628469
4628470
4628471
4628472
4628473
4628474
4628475
4628476
4628477
4628478
4628479
4628480
4628481
4628482
4628483
4628484
4628485
4628486
4628487
4628488
4628489
4628490
4628491
4628492
4628493
4628494
4628495
4628496
4628497
4628498
4628499
4628500
4628501
4628502
4628503
4628504
