1650990
1650991
1650992
1650993
1650994
1650995
1650996
1650997
1650998
1650999
1651000
1651001
1651002
1651003
1651004
1651005
1651006
1651007
1651008
1651009
1651010
1651011
1651012
1651013
1651014
1651015
1651016
1651017
1651018
1651019
1651020
1651021
1651022
1651023
1651024
1651025
1651026
1651027
1651028
1651029
1651030
1651031
1651032
1651033
1651034
1651035
1651036
1651037
1651038
1651039
1651040
1651041
1651042
1651043
1651044
1651045
1651046
1651047
1651048
1651049
1651050
1651051
1651052
1651053
1651054
1651055
1651056
1651057
1651058
1651059
1651060
1651061
1651062
1651063
1651064
1651065
1651066
1651067
1651068
1651069
1651070
1651071
1651072
1651073
1651074
1651075
1651076
1651077
1651078
1651079
1651080
1651081
1651082
1651083
1651084
1651085
1651086
1651087
1651088
1651089
1651090
1651091
1651092
1651093
1651094
1651095
1651096
1651097
1651098
1651099
1651100
1651101
1651102
1651103
1651104
1651105
1651106
1651107
1651108
1651109
1651110
1651111
1651112
1651113
1651114
1651115
1651116
1651117
1651118
1651119
1651120
1651121
1651122
1651123
1651124
1651125
1651126
1651127
1651128
1651129
1651130
1651131
1651132
1651133
1651134
1651135
1651136
1651137
1651138
1651139
1651140
1651141
1651142
1651143
1651144
1651145
1651146
1651147
1651148
1651149
1651150
1651151
1651152
1651153
1651154
1651155
1651156
1651157
1651158
1651159
1651160
1651161
1651162
1651163
1651164
1651165
1651166
1651167
1651168
1651169
1651170
1651171
1651172
1651173
1651174
1651175
1651176
1651177
1651178
1651179
1651180
1651181
1651182
1651183
1651184
1651185
1651186
1651187
1651188
1651189
1651190
1651191
1651192
1651193
1651194
1651195
1651196
1651197
1651198
1651199
1651200
1651201
1651202
1651203
1651204
1651205
1651206
1651207
1651208
1651209
1651210
1651211
1651212
1651213
1651214
1651215
1651216
1651217
1651218
1651219
1651220
1651221
1651222
1651223
1651224
1651225
1651226
1651227
1651228
1651229
1651230
1651231
1651232
1651233
1651234
1651235
1651236
1651237
1651238
1651239
1651240
1651241
1651242
1651243
1651244
1651245
1651246
1651247
1651248
1651249
1651250
1651251
1651252
1651253
1651254
1651255
1651256
1651257
1651258
1651259
1651260
1651261
1651262
1651263
1651264
1651265
1651266
1651267
1651268
1651269
1651270
1651271
1651272
1651273
1651274
1651275
1651276
1651277
1651278
1651279
1651280
1651281
1651282
1651283
1651284
1651285
1651286
1651287
1651288
1651289
1651290
1651291
1651292
1651293
1651294
1651295
1651296
1651297
1651298
1651299
1651300
1651301
1651302
1651303
1651304
1651305
1651306
1651307
1651308
1651309
1651310
1651311
1651312
1651313
1651314
1651315
1651316
1651317
1651318
1651319
1651320
1651321
1651322
1651323
1651324
1651325
1651326
1651327
1651328
1651329
1651330
1651331
1651332
1651333
1651334
1651335
1651336
1651337
1651338
1651339
1651340
1651341
1651342
1651343
1651344
1651345
1651346
1651347
1651348
1651349
1651350
1651351
1651352
1651353
1651354
1651355
1651356
1651357
1651358
1651359
1651360
1651361
1651362
1651363
1651364
1651365
1651366
1651367
1651368
1651369
1651370
1651371
1651372
1651373
1651374
1651375
1651376
1651377
1651378
1651379
1651380
1651381
1651382
1651383
1651384
1651385
1651386
1651387
1651388
1651389
1651390
1651391
1651392
1651393
1651394
1651395
1651396
1651397
1651398
1651399
1651400
1651401
1651402
1651403
1651404
1651405
1651406
1651407
1651408
1651409
1651410
1651411
1651412
1651413
1651414
1651415
1651416
1651417
1651418
1651419
1651420
1651421
1651422
1651423
1651424
1651425
1651426
1651427
1651428
1651429
1651430
1651431
1651432
1651433
1651434
1651435
1651436
1651437
1651438
1651439
1651440
1651441
1651442
1651443
1651444
1651445
1651446
1651447
1651448
1651449
1651450
1651451
1651452
1651453
1651454
1651455
1651456
1651457
1651458
1651459
1651460
1651461
1651462
1651463
1651464
1651465
1651466
1651467
1651468
1651469
1651470
1651471
1651472
1651473
1651474
1651475
1651476
1651477
1651478
1651479
1651480
1651481
1651482
1651483
1651484
1651485
1651486
1651487
1651488
1651489
1651490
1651491
1651492
1651493
1651494
1651495
1651496
1651497
1651498
1651499
1651500
1651501
1651502
1651503
1651504
1651505
1651506
1651507
1651508
1651509
1651510
1651511
1651512
1651513
1651514
1651515
1651516
1651517
1651518
1651519
1651520
1651521
1651522
1651523
1651524
1651525
1651526
1651527
1651528
1651529
1651530
1651531
1651532
1651533
1651534
1651535
1651536
1651537
1651538
1651539
1651540
1651541
1651542
1651543
1651544
1651545
1651546
1651547
1651548
1651549
1651550
1651551
1651552
1651553
1651554
1651555
1651556
1651557
1651558
1651559
1651560
1651561
1651562
1651563
1651564
1651565
1651566
1651567
1651568
1651569
1651570
1651571
1651572
1651573
1651574
1651575
1651576
1651577
1651578
1651579
1651580
1651581
1651582
1651583
1651584
1651585
1651586
1651587
1651588
1651589
1651590
1651591
1651592
1651593
1651594
1651595
1651596
1651597
1651598
1651599
1651600
1651601
1651602
1651603
1651604
1651605
1651606
1651607
1651608
1651609
1651610
1651611
1651612
1651613
1651614
1651615
1651616
1651617
1651618
1651619
1651620
1651621
1651622
1651623
1651624
1651625
1651626
1651627
1651628
1651629
1651630
1651631
1651632
1651633
1651634
1651635
1651636
1651637
1651638
1651639
1651640
1651641
1651642
1651643
1651644
1651645
1651646
1651647
1651648
1651649
1651650
1651651
1651652
1651653
1651654
1651655
1651656
1651657
1651658
1651659
1651660
1651661
1651662
1651663
1651664
1651665
1651666
1651667
1651668
1651669
1651670
1651671
1651672
1651673
1651674
1651675
1651676
1651677
1651678
1651679
1651680
1651681
1651682
1651683
1651684
1651685
1651686
1651687
1651688
1651689
1651690
1651691
1651692
1651693
1651694
1651695
1651696
1651697
1651698
1651699
1651700
1651701
1651702
1651703
1651704
1651705
1651706
1651707
1651708
1651709
1651710
1651711
1651712
1651713
1651714
1651715
