1651716
1651717
1651718
1651719
1651720
1651721
1651722
1651723
1651724
1651725
1651726
1651727
1651728
1651729
1651730
1651731
1651732
1651733
1651734
1651735
1651736
1651737
1651738
1651739
1651740
1651741
1651742
1651743
1651744
1651745
1651746
1651747
1651748
1651749
1651750
1651751
1651752
1651753
1651754
1651755
1651756
1651757
1651758
1651759
1651760
1651761
1651762
1651763
1651764
1651765
1651766
1651767
1651768
1651769
1651770
1651771
1651772
1651773
1651774
1651775
1651776
1651777
1651778
1651779
1651780
1651781
1651782
1651783
1651784
1651785
1651786
1651787
1651788
1651789
1651790
1651791
1651792
1651793
1651794
1651795
1651796
1651797
1651798
1651799
1651800
1651801
1651802
1651803
1651804
1651805
1651806
1651807
1651808
1651809
1651810
1651811
1651812
1651813
1651814
1651815
1651816
1651817
1651818
1651819
1651820
1651821
1651822
1651823
1651824
1651825
1651826
1651827
1651828
1651829
1651830
1651831
1651832
1651833
1651834
1651835
1651836
1651837
1651838
1651839
1651840
1651841
1651842
1651843
1651844
1651845
1651846
1651847
