1650835
1650836
1650837
1650838
1650839
1650840
1650841
1650842
1650843
1650844
1650845
1650846
1650847
1650848
1650849
1650850
1650851
1650852
1650853
1650854
1650855
1650856
1650857
1650858
1650859
1650860
1650861
1650862
1650863
1650864
1650865
1650866
1650867
1650868
1650869
1650870
1650871
1650872
1650873
1650874
1650875
1650876
1650877
1650878
1650879
1650880
1650881
1650882
1650883
1650884
1650885
1650886
1650887
1650888
1650889
1650890
1650891
1650892
1650893
1650894
1650895
1650896
1650897
1650898
1650899
1650900
1650901
1650902
1650903
1650904
1650905
1650906
1650907
1650908
1650909
1650910
1650911
1650912
1650913
1650914
1650915
1650916
1650917
1650918
1650919
1650920
1650921
1650922
1650923
1650924
1650925
1650926
1650927
1650928
1650929
1650930
1650931
1650932
1650933
1650934
1650935
1650936
1650937
1650938
1650939
1650940
1650941
1650942
1650943
1650944
1650945
1650946
1650947
1650948
1650949
1650950
1650951
1650952
1650953
1650954
1650955
1650956
1650957
1650958
1650959
1650960
1650961
1650962
1650963
1650964
1650965
1650966
1650967
1650968
1650969
1650970
1650971
1650972
1650973
1650974
1650975
1650976
1650977
1650978
1650979
1650980
1650981
1650982
1650983
1650984
1650985
1650986
1650987
1650988
1650989
