6281256
6281257
6281258
6281259
6281260
6281261
6281262
6281263
6281264
6281265
6281266
6281267
6281268
6281269
6281270
6281271
6281272
6281273
6281274
6281275
6281276
6281277
6281278
6281279
6281280
6281281
6281282
6281283
6281284
6281285
6281286
6281287
6281288
6281289
6281290
6281291
6281292
6281293
6281294
6281295
6281296
6281297
6281298
6281299
6281300
6281301
6281302
6281303
6281304
6281305
6281306
6281307
6281308
6281309
6281310
6281311
6281312
6281313
6281314
6281315
6281316
6281317
6281318
6281319
6281320
6281321
6281322
6281323
6281324
6281325
6281326
6281327
6281328
6281329
6281330
6281331
6281332
6281333
6281334
6281335
6281336
6281337
6281338
6281339
6281340
6281341
6281342
6281343
6281344
6281345
6281346
6281347
6281348
6281349
6281350
6281351
6281352
6281353
6281354
6281355
6281356
6281357
6281358
6281359
6281360
6281361
6281362
6281363
6281364
6281365
6281366
6281367
6281368
6281369
6281370
6281371
6281372
6281373
6281374
6281375
6281376
6281377
6281378
6281379
6281380
6281381
6281382
6281383
6281384
