6279052
6279053
6279054
6279055
6279056
6279057
6279058
6279059
6279060
6279061
6279062
6279063
6279064
6279065
6279066
6279067
6279068
6279069
6279070
6279071
6279072
6279073
6279074
6279075
6279076
6279077
6279078
6279079
6279080
6279081
6279082
6279083
6279084
6279085
6279086
6279087
6279088
6279089
6279090
6279091
6279092
6279093
6279094
6279095
6279096
6279097
6279098
6279099
6279100
6279101
6279102
6279103
6279104
6279105
6279106
6279107
6279108
6279109
6279110
6279111
6279112
6279113
6279114
6279115
6279116
6279117
6279118
6279119
6279120
6279121
6279122
6279123
6279124
6279125
6279126
6279127
6279128
6279129
6279130
6279131
6279132
6279133
6279134
6279135
6279136
6279137
6279138
6279139
6279140
6279141
6279142
6279143
6279144
6279145
6279146
6279147
6279148
6279149
