6279150
6279151
6279152
6279153
6279154
6279155
6279156
6279157
6279158
6279159
6279160
6279161
6279162
6279163
6279164
6279165
6279166
6279167
6279168
6279169
6279170
6279171
6279172
6279173
6279174
6279175
6279176
6279177
6279178
6279179
6279180
6279181
6279182
6279183
6279184
6279185
6279186
6279187
6279188
6279189
6279190
6279191
6279192
6279193
6279194
6279195
6279196
6279197
6279198
6279199
6279200
6279201
6279202
6279203
6279204
6279205
6279206
6279207
6279208
6279209
6279210
6279211
6279212
6279213
6279214
6279215
6279216
6279217
6279218
6279219
6279220
6279221
6279222
6279223
6279224
6279225
6279226
6279227
6279228
6279229
6279230
6279231
6279232
6279233
6279234
6279235
6279236
6279237
6279238
6279239
6279240
6279241
6279242
6279243
6279244
6279245
6279246
6279247
6279248
6279249
6279250
6279251
6279252
6279253
6279254
6279255
6279256
6279257
6279258
6279259
6279260
6279261
6279262
6279263
6279264
6279265
6279266
6279267
6279268
6279269
6279270
6279271
6279272
6279273
6279274
6279275
6279276
6279277
6279278
6279279
6279280
6279281
6279282
6279283
6279284
6279285
6279286
6279287
6279288
6279289
6279290
6279291
6279292
6279293
6279294
6279295
6279296
6279297
6279298
6279299
6279300
6279301
6279302
6279303
6279304
6279305
6279306
6279307
6279308
6279309
6279310
6279311
6279312
6279313
6279314
6279315
6279316
6279317
6279318
6279319
6279320
6279321
6279322
6279323
6279324
6279325
6279326
6279327
6279328
6279329
6279330
6279331
6279332
6279333
6279334
6279335
6279336
6279337
6279338
6279339
6279340
6279341
6279342
6279343
6279344
6279345
6279346
6279347
6279348
6279349
6279350
6279351
6279352
6279353
6279354
6279355
6279356
6279357
6279358
6279359
6279360
6279361
6279362
6279363
6279364
6279365
6279366
6279367
6279368
6279369
6279370
6279371
6279372
6279373
6279374
6279375
6279376
6279377
6279378
6279379
6279380
6279381
6279382
6279383
6279384
6279385
6279386
6279387
6279388
6279389
6279390
6279391
6279392
6279393
6279394
6279395
6279396
6279397
6279398
6279399
6279400
6279401
6279402
6279403
6279404
6279405
6279406
6279407
6279408
6279409
6279410
6279411
6279412
6279413
6279414
6279415
6279416
6279417
6279418
6279419
6279420
6279421
6279422
6279423
6279424
6279425
6279426
6279427
6279428
6279429
6279430
6279431
6279432
6279433
6279434
6279435
6279436
6279437
6279438
6279439
6279440
6279441
6279442
6279443
6279444
6279445
6279446
6279447
6279448
6279449
6279450
6279451
6279452
6279453
6279454
6279455
6279456
6279457
6279458
6279459
6279460
6279461
6279462
6279463
6279464
6279465
6279466
6279467
6279468
6279469
6279470
6279471
6279472
6279473
6279474
6279475
6279476
6279477
6279478
6279479
6279480
6279481
6279482
6279483
6279484
6279485
6279486
6279487
6279488
6279489
6279490
6279491
6279492
6279493
6279494
6279495
6279496
6279497
6279498
6279499
6279500
6279501
6279502
6279503
6279504
6279505
6279506
6279507
6279508
6279509
6279510
6279511
6279512
6279513
6279514
6279515
6279516
6279517
6279518
6279519
6279520
6279521
6279522
6279523
6279524
6279525
6279526
6279527
6279528
6279529
6279530
6279531
6279532
6279533
6279534
6279535
6279536
6279537
6279538
6279539
6279540
6279541
6279542
6279543
6279544
6279545
6279546
6279547
6279548
6279549
6279550
6279551
6279552
6279553
6279554
6279555
6279556
6279557
6279558
6279559
6279560
6279561
6279562
6279563
6279564
6279565
6279566
6279567
6279568
6279569
6279570
6279571
6279572
6279573
6279574
6279575
6279576
6279577
6279578
6279579
6279580
6279581
6279582
6279583
6279584
6279585
6279586
6279587
6279588
6279589
6279590
6279591
6279592
6279593
6279594
6279595
6279596
6279597
6279598
6279599
6279600
6279601
6279602
6279603
6279604
6279605
6279606
6279607
6279608
6279609
6279610
6279611
6279612
6279613
6279614
6279615
6279616
6279617
6279618
6279619
6279620
6279621
6279622
6279623
6279624
6279625
6279626
6279627
6279628
6279629
6279630
6279631
6279632
6279633
6279634
6279635
6279636
6279637
6279638
6279639
6279640
6279641
6279642
6279643
6279644
6279645
6279646
6279647
6279648
6279649
6279650
6279651
6279652
6279653
6279654
6279655
6279656
6279657
6279658
6279659
6279660
6279661
6279662
6279663
6279664
6279665
6279666
6279667
6279668
6279669
6279670
6279671
6279672
6279673
6279674
6279675
6279676
6279677
6279678
6279679
6279680
6279681
6279682
6279683
6279684
6279685
6279686
6279687
6279688
6279689
6279690
6279691
6279692
6279693
6279694
6279695
6279696
6279697
6279698
6279699
6279700
6279701
6279702
6279703
6279704
6279705
6279706
6279707
6279708
6279709
6279710
6279711
6279712
6279713
6279714
6279715
6279716
6279717
6279718
6279719
6279720
6279721
6279722
6279723
6279724
6279725
6279726
6279727
6279728
6279729
6279730
6279731
6279732
6279733
6279734
6279735
6279736
6279737
6279738
6279739
6279740
6279741
6279742
6279743
6279744
6279745
6279746
6279747
6279748
6279749
6279750
6279751
6279752
6279753
6279754
6279755
6279756
6279757
6279758
6279759
6279760
6279761
6279762
6279763
6279764
6279765
6279766
6279767
6279768
6279769
6279770
6279771
6279772
6279773
6279774
6279775
6279776
6279777
6279778
6279779
6279780
6279781
6279782
6279783
6279784
6279785
6279786
6279787
6279788
6279789
6279790
6279791
6279792
6279793
6279794
6279795
6279796
6279797
6279798
6279799
6279800
6279801
6279802
6279803
6279804
6279805
6279806
6279807
6279808
6279809
6279810
6279811
6279812
6279813
6279814
6279815
6279816
6279817
6279818
6279819
6279820
6279821
6279822
6279823
6279824
6279825
6279826
6279827
6279828
6279829
6279830
6279831
6279832
6279833
6279834
6279835
6279836
6279837
6279838
6279839
6279840
6279841
6279842
6279843
6279844
6279845
6279846
6279847
6279848
6279849
6279850
6279851
6279852
6279853
6279854
6279855
6279856
6279857
6279858
6279859
6279860
6279861
6279862
6279863
6279864
6279865
6279866
6279867
6279868
6279869
6279870
6279871
6279872
6279873
6279874
6279875
6279876
6279877
6279878
6279879
6279880
6279881
6279882
6279883
6279884
6279885
6279886
6279887
6279888
6279889
6279890
6279891
6279892
6279893
6279894
6279895
6279896
6279897
6279898
6279899
6279900
6279901
6279902
6279903
6279904
6279905
6279906
6279907
6279908
6279909
6279910
6279911
6279912
6279913
6279914
6279915
6279916
6279917
6279918
6279919
6279920
6279921
6279922
6279923
6279924
6279925
6279926
6279927
6279928
6279929
6279930
6279931
6279932
6279933
6279934
6279935
6279936
6279937
6279938
6279939
6279940
6279941
6279942
6279943
6279944
6279945
6279946
6279947
6279948
6279949
6279950
6279951
6279952
6279953
6279954
6279955
6279956
6279957
6279958
6279959
6279960
6279961
6279962
6279963
6279964
6279965
6279966
6279967
6279968
6279969
6279970
6279971
6279972
6279973
6279974
6279975
6279976
6279977
6279978
6279979
6279980
6279981
6279982
6279983
6279984
6279985
6279986
6279987
6279988
6279989
6279990
6279991
6279992
6279993
6279994
6279995
6279996
6279997
6279998
6279999
6280000
6280001
6280002
6280003
6280004
6280005
6280006
6280007
6280008
6280009
6280010
6280011
6280012
6280013
6280014
6280015
6280016
6280017
6280018
6280019
6280020
6280021
6280022
6280023
6280024
6280025
6280026
6280027
6280028
6280029
6280030
6280031
6280032
6280033
6280034
6280035
6280036
6280037
6280038
6280039
6280040
6280041
6280042
6280043
6280044
6280045
6280046
6280047
6280048
6280049
6280050
6280051
6280052
6280053
6280054
6280055
6280056
6280057
6280058
6280059
6280060
6280061
6280062
6280063
6280064
6280065
6280066
6280067
6280068
6280069
6280070
6280071
6280072
6280073
6280074
6280075
6280076
6280077
6280078
6280079
6280080
6280081
6280082
6280083
6280084
6280085
6280086
6280087
6280088
6280089
6280090
6280091
6280092
6280093
6280094
6280095
6280096
6280097
6280098
6280099
6280100
6280101
6280102
6280103
6280104
6280105
6280106
6280107
6280108
6280109
6280110
6280111
6280112
6280113
6280114
6280115
6280116
6280117
6280118
6280119
6280120
6280121
6280122
6280123
6280124
6280125
6280126
6280127
6280128
6280129
6280130
6280131
6280132
6280133
6280134
6280135
6280136
6280137
6280138
6280139
6280140
6280141
6280142
6280143
6280144
6280145
6280146
6280147
6280148
6280149
6280150
6280151
6280152
6280153
6280154
6280155
6280156
6280157
6280158
6280159
6280160
6280161
6280162
6280163
6280164
6280165
6280166
6280167
6280168
6280169
6280170
6280171
6280172
6280173
6280174
6280175
6280176
6280177
6280178
6280179
6280180
6280181
6280182
6280183
6280184
6280185
6280186
6280187
6280188
6280189
6280190
6280191
6280192
6280193
6280194
6280195
6280196
6280197
6280198
6280199
6280200
6280201
6280202
6280203
6280204
6280205
6280206
6280207
6280208
6280209
6280210
6280211
6280212
6280213
6280214
6280215
6280216
6280217
6280218
6280219
6280220
6280221
6280222
6280223
6280224
6280225
6280226
6280227
6280228
6280229
6280230
6280231
6280232
6280233
6280234
6280235
6280236
6280237
6280238
6280239
6280240
6280241
6280242
6280243
6280244
6280245
6280246
6280247
6280248
6280249
6280250
6280251
6280252
6280253
6280254
6280255
6280256
6280257
6280258
6280259
6280260
6280261
6280262
6280263
6280264
6280265
6280266
6280267
6280268
6280269
6280270
6280271
6280272
6280273
6280274
6280275
6280276
6280277
6280278
6280279
6280280
6280281
6280282
6280283
6280284
6280285
6280286
6280287
6280288
6280289
6280290
6280291
6280292
6280293
6280294
6280295
6280296
6280297
6280298
6280299
6280300
6280301
6280302
6280303
6280304
6280305
6280306
6280307
6280308
6280309
6280310
6280311
6280312
6280313
6280314
6280315
6280316
6280317
6280318
6280319
6280320
6280321
6280322
6280323
6280324
6280325
6280326
6280327
6280328
6280329
6280330
6280331
6280332
6280333
6280334
6280335
6280336
6280337
6280338
6280339
6280340
6280341
6280342
6280343
6280344
6280345
6280346
6280347
6280348
6280349
6280350
6280351
6280352
6280353
6280354
6280355
6280356
6280357
6280358
6280359
6280360
6280361
6280362
6280363
6280364
6280365
6280366
6280367
6280368
6280369
6280370
6280371
6280372
6280373
6280374
6280375
6280376
6280377
6280378
6280379
6280380
6280381
6280382
6280383
6280384
6280385
6280386
6280387
6280388
6280389
6280390
6280391
6280392
6280393
6280394
6280395
6280396
6280397
6280398
6280399
6280400
6280401
6280402
6280403
6280404
6280405
6280406
6280407
6280408
6280409
6280410
6280411
6280412
6280413
6280414
6280415
6280416
6280417
6280418
6280419
6280420
6280421
6280422
6280423
6280424
6280425
6280426
6280427
6280428
6280429
6280430
6280431
6280432
6280433
6280434
6280435
6280436
6280437
6280438
6280439
6280440
6280441
6280442
6280443
6280444
6280445
6280446
6280447
6280448
6280449
6280450
6280451
6280452
6280453
6280454
6280455
6280456
6280457
6280458
6280459
6280460
6280461
6280462
6280463
6280464
6280465
6280466
6280467
6280468
6280469
6280470
6280471
6280472
6280473
6280474
6280475
6280476
6280477
6280478
6280479
6280480
6280481
6280482
6280483
6280484
6280485
6280486
6280487
6280488
6280489
6280490
6280491
6280492
6280493
6280494
6280495
6280496
6280497
6280498
6280499
6280500
6280501
6280502
6280503
6280504
6280505
6280506
6280507
6280508
6280509
6280510
6280511
6280512
6280513
6280514
6280515
6280516
6280517
6280518
6280519
6280520
6280521
6280522
6280523
6280524
6280525
6280526
6280527
6280528
6280529
6280530
6280531
6280532
6280533
6280534
6280535
6280536
6280537
6280538
6280539
6280540
6280541
6280542
6280543
6280544
6280545
6280546
6280547
6280548
6280549
6280550
6280551
6280552
6280553
6280554
6280555
6280556
6280557
6280558
6280559
6280560
6280561
6280562
6280563
6280564
6280565
6280566
6280567
6280568
6280569
6280570
6280571
6280572
6280573
6280574
6280575
6280576
6280577
6280578
6280579
6280580
6280581
6280582
6280583
6280584
6280585
6280586
6280587
6280588
6280589
6280590
6280591
6280592
6280593
6280594
6280595
6280596
6280597
6280598
6280599
6280600
6280601
6280602
6280603
6280604
6280605
6280606
6280607
6280608
6280609
6280610
6280611
6280612
6280613
6280614
6280615
6280616
6280617
6280618
6280619
6280620
6280621
6280622
6280623
6280624
6280625
6280626
6280627
6280628
6280629
6280630
6280631
6280632
6280633
6280634
6280635
6280636
6280637
6280638
6280639
6280640
6280641
6280642
6280643
6280644
6280645
6280646
6280647
6280648
6280649
6280650
6280651
6280652
6280653
6280654
6280655
6280656
6280657
6280658
6280659
6280660
6280661
6280662
6280663
6280664
6280665
6280666
6280667
6280668
6280669
6280670
6280671
6280672
6280673
6280674
6280675
6280676
6280677
6280678
6280679
6280680
6280681
6280682
6280683
6280684
6280685
6280686
6280687
6280688
6280689
6280690
6280691
6280692
6280693
6280694
6280695
6280696
6280697
6280698
6280699
6280700
6280701
6280702
6280703
6280704
6280705
6280706
6280707
6280708
6280709
6280710
6280711
6280712
6280713
6280714
6280715
6280716
6280717
6280718
6280719
6280720
6280721
6280722
6280723
6280724
6280725
6280726
6280727
6280728
6280729
6280730
6280731
6280732
6280733
6280734
6280735
6280736
6280737
6280738
6280739
6280740
6280741
6280742
6280743
6280744
6280745
6280746
6280747
6280748
6280749
6280750
6280751
6280752
6280753
6280754
6280755
6280756
6280757
6280758
6280759
6280760
6280761
6280762
6280763
6280764
6280765
6280766
6280767
6280768
6280769
6280770
6280771
6280772
6280773
6280774
6280775
6280776
6280777
6280778
6280779
6280780
6280781
6280782
6280783
6280784
6280785
6280786
6280787
6280788
6280789
6280790
6280791
6280792
6280793
6280794
6280795
6280796
6280797
6280798
6280799
6280800
6280801
6280802
6280803
6280804
6280805
6280806
6280807
6280808
6280809
6280810
6280811
6280812
6280813
6280814
6280815
6280816
6280817
6280818
6280819
6280820
6280821
6280822
6280823
6280824
6280825
6280826
6280827
6280828
6280829
6280830
6280831
6280832
6280833
6280834
6280835
6280836
6280837
6280838
6280839
6280840
6280841
6280842
6280843
6280844
6280845
6280846
6280847
6280848
6280849
6280850
6280851
6280852
6280853
6280854
6280855
6280856
6280857
6280858
6280859
6280860
6280861
6280862
6280863
6280864
6280865
6280866
6280867
6280868
6280869
6280870
6280871
6280872
6280873
6280874
6280875
6280876
6280877
6280878
6280879
6280880
6280881
6280882
6280883
6280884
6280885
6280886
6280887
6280888
6280889
6280890
6280891
6280892
6280893
6280894
6280895
6280896
6280897
6280898
6280899
6280900
6280901
6280902
6280903
6280904
6280905
6280906
6280907
6280908
6280909
6280910
6280911
6280912
6280913
6280914
6280915
6280916
6280917
6280918
6280919
6280920
6280921
6280922
6280923
6280924
6280925
6280926
6280927
6280928
6280929
6280930
6280931
6280932
6280933
6280934
6280935
6280936
6280937
6280938
6280939
6280940
6280941
6280942
6280943
6280944
6280945
6280946
6280947
6280948
6280949
6280950
6280951
6280952
6280953
6280954
6280955
6280956
6280957
6280958
6280959
6280960
6280961
6280962
6280963
6280964
6280965
6280966
6280967
6280968
6280969
6280970
6280971
6280972
6280973
6280974
6280975
6280976
6280977
6280978
6280979
6280980
6280981
6280982
6280983
6280984
6280985
6280986
6280987
6280988
6280989
6280990
6280991
6280992
6280993
6280994
6280995
6280996
6280997
6280998
6280999
6281000
6281001
6281002
6281003
6281004
6281005
6281006
6281007
6281008
6281009
6281010
6281011
6281012
6281013
6281014
6281015
6281016
6281017
6281018
6281019
6281020
6281021
6281022
6281023
6281024
6281025
6281026
6281027
6281028
6281029
6281030
6281031
6281032
6281033
6281034
6281035
6281036
6281037
6281038
6281039
6281040
6281041
6281042
6281043
6281044
6281045
6281046
6281047
6281048
6281049
6281050
6281051
6281052
6281053
6281054
6281055
6281056
6281057
6281058
6281059
6281060
6281061
6281062
6281063
6281064
6281065
6281066
6281067
6281068
6281069
6281070
6281071
6281072
6281073
6281074
6281075
6281076
6281077
6281078
6281079
6281080
6281081
6281082
6281083
6281084
6281085
6281086
6281087
6281088
6281089
6281090
6281091
6281092
6281093
6281094
6281095
6281096
6281097
6281098
6281099
6281100
6281101
6281102
6281103
6281104
6281105
6281106
6281107
6281108
6281109
6281110
6281111
6281112
6281113
6281114
6281115
6281116
6281117
6281118
6281119
6281120
6281121
6281122
6281123
6281124
6281125
6281126
6281127
6281128
6281129
6281130
6281131
6281132
6281133
6281134
6281135
6281136
6281137
6281138
6281139
6281140
6281141
6281142
6281143
6281144
6281145
6281146
6281147
6281148
6281149
6281150
6281151
6281152
6281153
6281154
6281155
6281156
6281157
6281158
6281159
6281160
6281161
6281162
6281163
6281164
6281165
6281166
6281167
6281168
6281169
6281170
6281171
6281172
6281173
6281174
6281175
6281176
6281177
6281178
6281179
6281180
6281181
6281182
6281183
6281184
6281185
6281186
6281187
6281188
6281189
6281190
6281191
6281192
6281193
6281194
6281195
6281196
6281197
6281198
6281199
6281200
6281201
6281202
6281203
6281204
6281205
6281206
6281207
6281208
6281209
6281210
6281211
6281212
6281213
6281214
6281215
6281216
6281217
6281218
6281219
6281220
6281221
6281222
6281223
6281224
6281225
6281226
6281227
6281228
6281229
6281230
6281231
6281232
6281233
6281234
6281235
6281236
6281237
6281238
6281239
6281240
6281241
6281242
6281243
6281244
6281245
6281246
6281247
6281248
6281249
6281250
6281251
6281252
6281253
6281254
6281255
