355182
355183
355184
355185
355186
355187
355188
355189
355190
355191
355192
355193
355194
355195
355196
355197
355198
355199
355200
355201
355202
355203
355204
355205
355206
355207
355208
355209
355210
355211
355212
355213
355214
355215
355216
355217
355218
355219
355220
355221
355222
355223
355224
355225
355226
355227
355228
355229
355230
355231
355232
355233
355234
355235
355236
355237
355238
355239
355240
355241
355242
355243
355244
355245
355246
355247
355248
355249
355250
355251
355252
355253
355254
355255
355256
355257
355258
355259
355260
355261
355262
355263
355264
355265
355266
355267
355268
355269
355270
355271
355272
355273
355274
355275
355276
355277
355278
355279
355280
355281
355282
355283
355284
355285
355286
355287
355288
355289
355290
355291
355292
355293
355294
355295
355296
355297
355298
355299
355300
355301
355302
355303
355304
355305
355306
355307
355308
355309
355310
355311
355312
355313
355314
355315
355316
355317
355318
355319
355320
355321
355322
355323
355324
355325
355326
355327
355328
355329
355330
355331
355332
355333
355334
355335
355336
355337
355338
355339
355340
355341
355342
355343
355344
355345
355346
355347
355348
355349
355350
355351
355352
355353
355354
355355
355356
355357
355358
355359
355360
355361
355362
355363
355364
355365
355366
355367
355368
355369
355370
355371
355372
355373
355374
355375
355376
355377
355378
355379
355380
355381
355382
355383
355384
355385
355386
355387
355388
355389
355390
355391
355392
355393
355394
355395
355396
355397
355398
355399
355400
355401
355402
355403
355404
355405
355406
355407
355408
355409
355410
355411
355412
355413
355414
355415
355416
355417
355418
355419
355420
355421
355422
355423
355424
355425
355426
355427
355428
355429
355430
