354084
354085
354086
354087
354088
354089
354090
354091
354092
354093
354094
354095
354096
354097
354098
354099
354100
354101
354102
354103
354104
354105
354106
354107
354108
354109
354110
354111
354112
354113
354114
354115
354116
354117
354118
354119
354120
354121
354122
354123
354124
354125
354126
354127
354128
354129
354130
354131
354132
354133
354134
354135
354136
354137
354138
354139
354140
354141
354142
354143
354144
354145
354146
354147
354148
354149
354150
354151
354152
354153
354154
354155
354156
354157
354158
354159
354160
354161
354162
354163
354164
354165
354166
354167
354168
354169
354170
354171
354172
354173
354174
354175
354176
354177
354178
354179
354180
354181
354182
354183
354184
354185
354186
354187
354188
354189
354190
354191
354192
354193
354194
354195
354196
354197
354198
354199
354200
354201
354202
354203
354204
354205
354206
354207
354208
354209
354210
354211
354212
354213
354214
354215
354216
354217
354218
354219
354220
354221
354222
354223
354224
354225
354226
354227
354228
354229
354230
354231
354232
354233
354234
354235
354236
354237
354238
354239
354240
354241
354242
354243
354244
354245
354246
354247
354248
354249
354250
354251
354252
354253
354254
354255
354256
354257
354258
354259
354260
354261
354262
354263
354264
354265
354266
354267
354268
354269
354270
354271
354272
354273
354274
354275
354276
354277
354278
354279
354280
354281
354282
354283
354284
354285
354286
354287
354288
354289
354290
354291
354292
354293
354294
354295
354296
354297
354298
354299
354300
354301
354302
354303
354304
354305
354306
354307
354308
354309
354310
354311
354312
354313
354314
354315
354316
354317
354318
354319
354320
354321
354322
354323
354324
354325
354326
354327
354328
354329
354330
354331
354332
354333
354334
354335
354336
354337
354338
354339
354340
354341
354342
354343
354344
354345
354346
354347
354348
354349
354350
354351
354352
354353
354354
354355
354356
354357
354358
354359
354360
354361
354362
354363
354364
354365
354366
354367
354368
354369
354370
354371
354372
354373
354374
354375
354376
354377
354378
354379
354380
354381
354382
354383
354384
354385
354386
354387
354388
354389
354390
354391
354392
354393
354394
354395
354396
354397
354398
354399
354400
354401
354402
354403
354404
354405
354406
354407
354408
354409
354410
354411
354412
354413
354414
354415
354416
354417
354418
354419
354420
354421
354422
354423
354424
354425
354426
354427
354428
354429
354430
354431
354432
354433
354434
354435
354436
354437
354438
354439
354440
354441
354442
354443
354444
354445
354446
354447
354448
354449
354450
354451
354452
354453
354454
354455
354456
354457
354458
354459
354460
354461
354462
354463
354464
354465
354466
354467
354468
354469
354470
354471
354472
354473
354474
354475
354476
354477
354478
354479
354480
354481
354482
354483
354484
354485
354486
354487
354488
354489
354490
354491
354492
354493
354494
354495
354496
354497
354498
354499
354500
354501
354502
354503
354504
354505
354506
354507
354508
354509
354510
354511
354512
354513
354514
354515
354516
354517
354518
354519
354520
354521
354522
354523
354524
354525
354526
354527
354528
354529
354530
354531
354532
354533
354534
354535
354536
354537
354538
354539
354540
354541
354542
354543
354544
354545
354546
354547
354548
354549
354550
354551
354552
354553
354554
354555
354556
354557
354558
354559
354560
354561
354562
354563
354564
354565
354566
354567
354568
354569
354570
354571
354572
354573
354574
354575
354576
354577
354578
354579
354580
354581
354582
354583
354584
354585
354586
354587
354588
354589
354590
354591
354592
354593
354594
354595
354596
354597
354598
354599
354600
354601
354602
354603
354604
354605
354606
354607
354608
354609
354610
354611
354612
354613
354614
354615
354616
354617
354618
354619
354620
354621
354622
354623
354624
354625
354626
354627
354628
354629
354630
354631
354632
354633
354634
354635
354636
354637
354638
354639
354640
354641
354642
354643
354644
354645
354646
354647
354648
354649
354650
354651
354652
354653
354654
354655
354656
354657
354658
354659
354660
354661
354662
354663
354664
354665
354666
354667
354668
354669
354670
354671
354672
354673
354674
354675
354676
354677
354678
354679
354680
354681
354682
354683
354684
354685
354686
354687
354688
354689
354690
354691
354692
354693
354694
354695
354696
354697
354698
354699
354700
354701
354702
354703
354704
354705
354706
354707
354708
354709
354710
354711
354712
354713
354714
354715
354716
354717
354718
354719
354720
354721
354722
354723
354724
354725
354726
354727
354728
354729
354730
354731
354732
354733
354734
354735
354736
354737
354738
354739
354740
354741
354742
354743
354744
354745
354746
354747
354748
354749
354750
354751
354752
354753
354754
354755
354756
354757
354758
354759
354760
354761
354762
354763
354764
354765
354766
354767
354768
354769
354770
354771
354772
354773
354774
354775
354776
354777
354778
354779
354780
354781
354782
354783
354784
354785
354786
354787
354788
354789
354790
354791
354792
354793
354794
354795
354796
354797
354798
354799
354800
354801
354802
354803
354804
354805
354806
354807
354808
354809
354810
354811
354812
354813
354814
354815
354816
354817
354818
354819
354820
354821
354822
354823
354824
354825
354826
354827
354828
354829
354830
354831
354832
354833
354834
354835
354836
354837
354838
354839
354840
354841
354842
354843
354844
354845
354846
354847
354848
354849
354850
354851
354852
354853
354854
354855
354856
354857
354858
354859
354860
354861
354862
354863
354864
354865
354866
354867
354868
354869
354870
354871
354872
354873
354874
354875
354876
354877
354878
354879
354880
354881
354882
354883
354884
354885
354886
354887
354888
354889
354890
354891
354892
354893
354894
354895
354896
354897
354898
354899
354900
354901
354902
354903
354904
354905
354906
354907
354908
354909
354910
354911
354912
354913
354914
354915
354916
354917
354918
354919
354920
354921
354922
354923
354924
354925
354926
354927
354928
354929
354930
354931
354932
354933
354934
354935
354936
354937
354938
354939
354940
354941
354942
354943
354944
354945
354946
354947
354948
354949
354950
354951
354952
354953
354954
354955
354956
354957
354958
354959
354960
354961
354962
354963
354964
354965
354966
354967
354968
354969
354970
354971
354972
354973
354974
354975
354976
354977
354978
354979
354980
354981
354982
354983
354984
354985
354986
354987
354988
354989
354990
354991
354992
354993
354994
354995
354996
354997
354998
354999
355000
355001
355002
355003
355004
355005
355006
355007
355008
355009
355010
355011
355012
355013
355014
355015
355016
355017
355018
355019
355020
355021
355022
355023
355024
355025
355026
355027
355028
355029
355030
355031
355032
355033
355034
355035
355036
355037
355038
355039
355040
355041
355042
355043
355044
355045
355046
355047
355048
355049
355050
355051
355052
355053
355054
355055
355056
355057
355058
355059
355060
355061
355062
355063
355064
355065
355066
355067
355068
355069
355070
355071
355072
355073
355074
355075
355076
355077
355078
355079
355080
355081
355082
355083
355084
355085
355086
355087
355088
355089
355090
355091
355092
355093
355094
355095
355096
355097
355098
355099
355100
355101
355102
355103
355104
355105
355106
355107
355108
355109
355110
355111
355112
355113
355114
355115
355116
355117
355118
355119
355120
355121
355122
355123
355124
355125
355126
355127
355128
355129
355130
355131
355132
355133
355134
355135
355136
355137
355138
355139
355140
355141
355142
355143
355144
355145
355146
355147
355148
355149
355150
355151
355152
355153
355154
355155
355156
355157
355158
355159
355160
355161
355162
355163
355164
355165
355166
355167
355168
355169
355170
355171
355172
355173
355174
355175
355176
355177
355178
355179
355180
355181
