354986
354987
354988
354989
354990
354991
354992
354993
354994
354995
354996
354997
354998
354999
355000
355001
355002
355003
355004
355005
355006
355007
355008
355009
355010
355011
355012
355013
355014
355015
355016
355017
355018
355019
355020
355021
355022
355023
355024
355025
355026
355027
355028
355029
355030
355031
355032
355033
355034
355035
355036
355037
355038
355039
355040
355041
355042
355043
355044
355045
355046
355047
355048
355049
355050
355051
355052
355053
355054
355055
355056
355057
355058
355059
355060
355061
355062
355063
355064
355065
355066
355067
355068
355069
355070
355071
355072
355073
355074
355075
355076
355077
355078
355079
355080
355081
355082
355083
355084
355085
355086
355087
355088
355089
355090
355091
355092
355093
355094
355095
355096
355097
355098
355099
355100
355101
355102
355103
355104
355105
355106
355107
355108
355109
355110
355111
355112
355113
355114
355115
355116
355117
355118
355119
355120
355121
355122
355123
355124
355125
355126
355127
355128
355129
355130
355131
355132
355133
355134
355135
355136
355137
355138
355139
355140
355141
355142
355143
355144
355145
355146
355147
355148
355149
355150
355151
355152
355153
355154
355155
355156
355157
355158
355159
355160
355161
355162
355163
355164
355165
355166
355167
355168
355169
355170
355171
355172
355173
355174
355175
355176
355177
355178
355179
355180
355181
355182
355183
355184
355185
355186
355187
355188
355189
355190
355191
355192
355193
355194
355195
355196
355197
355198
355199
355200
355201
355202
355203
355204
355205
355206
355207
355208
355209
355210
355211
355212
355213
355214
355215
355216
355217
355218
355219
355220
355221
355222
355223
355224
355225
355226
355227
355228
355229
355230
355231
355232
355233
355234
355235
