355236
355237
355238
355239
355240
355241
355242
355243
355244
355245
355246
355247
355248
355249
355250
355251
355252
355253
355254
355255
355256
355257
355258
355259
355260
355261
355262
355263
355264
355265
355266
355267
355268
355269
355270
355271
355272
355273
355274
355275
355276
355277
355278
355279
355280
355281
355282
355283
355284
355285
355286
355287
355288
355289
355290
355291
355292
355293
355294
355295
355296
355297
355298
355299
355300
355301
355302
355303
355304
355305
355306
355307
355308
355309
355310
355311
355312
355313
355314
355315
355316
355317
355318
355319
355320
355321
355322
355323
355324
355325
355326
355327
355328
355329
355330
355331
355332
355333
355334
355335
355336
355337
355338
355339
355340
355341
355342
355343
355344
355345
355346
355347
355348
355349
355350
355351
355352
355353
355354
355355
355356
355357
355358
355359
355360
355361
355362
355363
355364
355365
355366
355367
355368
355369
355370
355371
355372
355373
355374
355375
355376
355377
355378
355379
355380
355381
355382
355383
355384
355385
355386
355387
355388
355389
355390
355391
355392
355393
355394
355395
355396
355397
355398
355399
355400
355401
355402
355403
355404
355405
355406
355407
355408
355409
355410
355411
355412
355413
355414
355415
355416
355417
355418
355419
355420
355421
355422
355423
355424
355425
355426
355427
355428
355429
355430
355431
355432
355433
355434
355435
355436
355437
355438
355439
355440
355441
355442
355443
355444
355445
355446
355447
355448
355449
355450
355451
355452
355453
355454
355455
355456
355457
355458
355459
355460
355461
355462
355463
355464
355465
355466
355467
355468
355469
355470
355471
355472
355473
355474
355475
355476
355477
355478
355479
355480
355481
355482
355483
355484
355485
355486
355487
355488
355489
355490
355491
355492
355493
355494
355495
355496
355497
355498
355499
355500
355501
355502
355503
355504
355505
355506
355507
355508
355509
355510
355511
355512
355513
355514
355515
355516
355517
355518
355519
355520
355521
355522
355523
355524
355525
355526
355527
355528
355529
355530
355531
355532
355533
355534
355535
355536
355537
355538
355539
355540
355541
355542
355543
355544
355545
355546
355547
355548
355549
355550
355551
355552
355553
355554
355555
355556
355557
355558
355559
355560
355561
355562
355563
355564
355565
355566
355567
355568
355569
355570
355571
355572
355573
355574
355575
355576
355577
355578
355579
355580
355581
355582
355583
355584
355585
355586
355587
355588
355589
355590
355591
355592
355593
355594
355595
355596
355597
355598
355599
355600
355601
355602
355603
355604
355605
355606
355607
355608
355609
355610
355611
355612
355613
355614
355615
355616
355617
355618
355619
355620
355621
355622
355623
355624
355625
355626
355627
355628
355629
355630
355631
355632
355633
355634
355635
355636
355637
355638
355639
355640
355641
355642
355643
355644
355645
355646
355647
355648
355649
355650
355651
355652
355653
355654
355655
355656
355657
355658
355659
355660
355661
355662
355663
355664
355665
355666
355667
355668
355669
355670
355671
355672
355673
355674
355675
355676
355677
355678
355679
355680
355681
355682
355683
355684
355685
355686
355687
355688
355689
355690
355691
355692
355693
355694
355695
355696
355697
355698
355699
355700
355701
355702
355703
355704
355705
355706
355707
355708
355709
355710
355711
355712
355713
355714
355715
355716
355717
355718
355719
355720
355721
355722
355723
355724
355725
355726
355727
355728
355729
355730
355731
355732
355733
355734
355735
355736
355737
355738
355739
355740
355741
355742
355743
355744
355745
355746
355747
355748
355749
355750
355751
355752
355753
355754
355755
355756
355757
355758
355759
355760
355761
355762
355763
355764
355765
355766
355767
355768
355769
355770
355771
355772
355773
355774
355775
355776
355777
355778
355779
355780
355781
355782
355783
355784
355785
355786
355787
355788
355789
355790
355791
355792
355793
355794
355795
355796
355797
355798
355799
355800
355801
355802
355803
355804
355805
355806
355807
355808
355809
355810
355811
355812
355813
355814
355815
355816
355817
355818
355819
355820
355821
355822
355823
355824
355825
355826
355827
355828
355829
355830
355831
355832
355833
355834
355835
355836
355837
355838
355839
355840
355841
355842
355843
355844
355845
355846
355847
355848
355849
355850
355851
355852
355853
355854
355855
355856
355857
355858
355859
355860
355861
355862
355863
355864
355865
355866
355867
355868
355869
355870
355871
355872
355873
355874
355875
355876
355877
355878
355879
355880
355881
355882
355883
355884
355885
355886
355887
355888
355889
355890
355891
355892
355893
355894
355895
355896
355897
355898
355899
355900
355901
355902
355903
355904
355905
355906
355907
355908
355909
355910
355911
355912
355913
355914
355915
355916
355917
355918
355919
355920
355921
355922
355923
355924
355925
355926
355927
355928
355929
355930
355931
355932
355933
355934
355935
355936
355937
355938
355939
355940
355941
355942
355943
355944
355945
355946
355947
355948
355949
355950
355951
355952
355953
355954
355955
355956
355957
355958
355959
355960
355961
355962
355963
355964
355965
355966
355967
355968
355969
355970
355971
355972
355973
355974
355975
355976
355977
355978
355979
355980
355981
355982
355983
355984
355985
355986
355987
355988
355989
355990
355991
355992
355993
355994
355995
355996
355997
355998
355999
356000
356001
356002
356003
356004
356005
356006
356007
356008
356009
356010
356011
356012
356013
356014
356015
356016
356017
356018
356019
356020
356021
356022
356023
356024
356025
356026
356027
356028
356029
356030
356031
356032
356033
356034
356035
356036
356037
356038
356039
356040
356041
356042
356043
356044
356045
356046
356047
356048
356049
356050
356051
356052
356053
356054
356055
356056
356057
356058
356059
356060
356061
356062
356063
356064
356065
356066
356067
356068
356069
356070
356071
356072
356073
356074
356075
356076
356077
356078
356079
356080
356081
356082
356083
356084
356085
356086
356087
356088
356089
356090
356091
356092
356093
356094
356095
356096
356097
356098
356099
356100
356101
356102
356103
356104
356105
356106
356107
356108
356109
356110
356111
356112
356113
356114
356115
356116
356117
356118
356119
356120
356121
356122
356123
356124
356125
356126
356127
356128
356129
356130
356131
356132
356133
356134
356135
356136
356137
356138
356139
356140
356141
356142
356143
356144
356145
356146
356147
356148
356149
356150
356151
356152
356153
356154
356155
356156
356157
356158
356159
356160
356161
356162
356163
356164
356165
356166
356167
356168
356169
356170
356171
356172
356173
356174
356175
356176
356177
356178
356179
356180
356181
356182
356183
356184
356185
356186
356187
356188
356189
356190
356191
356192
356193
356194
356195
356196
356197
356198
356199
356200
356201
356202
356203
356204
356205
356206
356207
356208
356209
356210
356211
356212
356213
356214
356215
356216
356217
356218
356219
356220
356221
356222
356223
356224
356225
356226
356227
356228
356229
356230
356231
356232
356233
356234
356235
356236
356237
356238
356239
356240
356241
356242
356243
356244
356245
356246
356247
356248
356249
356250
356251
356252
356253
356254
356255
356256
356257
356258
356259
356260
356261
356262
356263
356264
356265
356266
356267
356268
356269
356270
356271
356272
356273
356274
356275
356276
356277
356278
356279
356280
356281
356282
356283
356284
356285
356286
356287
356288
356289
356290
356291
356292
356293
356294
356295
356296
356297
356298
356299
356300
356301
356302
356303
356304
356305
356306
356307
356308
356309
356310
356311
356312
356313
356314
356315
356316
356317
356318
356319
356320
356321
356322
356323
356324
356325
356326
356327
356328
356329
356330
356331
356332
356333
356334
356335
356336
356337
356338
356339
356340
356341
356342
356343
356344
356345
356346
356347
356348
356349
356350
356351
356352
356353
356354
356355
356356
356357
356358
356359
356360
356361
356362
356363
356364
356365
356366
356367
356368
356369
356370
356371
356372
356373
356374
356375
356376
356377
356378
356379
356380
356381
356382
356383
356384
356385
356386
356387
356388
356389
356390
